18.182 16.6237 | 0.405191 0.29311 | -2.72848e-12 -5.00222e-12
28.8858 -48.3046 | -0.0711854 -0.110776 | 219.184 121.058
-8.22063 -47.514 | 0.466038 -0.655271 | -6.36646e-12 -1.81899e-12
-6.66901 72.2578 | -0.693456 -0.0598668 | -1.17097e-11 2.72848e-12
54.7028 31.597 | -0.439679 -0.521069 | -5.45697e-12 5.00222e-12
-33.9174 83.1272 | -0.954783 -0.299731 | 1.02318e-11 1.81899e-12
-41.6757 86.4764 | -0.521024 -0.627696 | 1.36424e-12 2.18279e-11
-40.1863 77.2094 | 0.0765288 0.0544295 | -126.988 299.054
-24.7578 7.68403 | -0.536663 -0.483126 | 594.392 629.013
39.0618 77.5193 | -0.083024 -0.480657 | 1.36424e-12 -7.95808e-13
-52.9566 -46.3889 | 0.115277 0.102558 | 1791.06 2073.4
61.85 50.0013 | -0.348832 0.75978 | 4.54747e-12 5.45697e-12
77.5379 57.2379 | -0.0927407 -0.227291 | 6.1906 9.09076
27.8969 -22.7253 | -0.522447 -0.13826 | -1.81899e-12 -1.08002e-12
-8.5151 -79.0151 | -0.0166702 0.373095 | -0.390424 -44.146
-32.2704 33.193 | 0.0641029 0.514684 | -1.09139e-11 1.81899e-12
80.8788 14.2364 | -0.130355 -0.848672 | 9.09495e-13 -2.18279e-11
16.6637 69.4278 | -0.0036461 0.35983 | -389.159 -121.962
73.9171 -14.3081 | 0.66945 -0.0680335 | -29.4381 -357.004
21.288 48.0706 | -0.302528 1.13395 | 1.81899e-12 6.13909e-12
-6.50228 -39.3174 | 0.285262 0.178222 | 0 0
70.611 14.4364 | -0.795279 0.83425 | -4.54747e-12 0
51.793 59.9353 | 0.0858026 -0.0270731 | -11.7563 -17.1874
-39.235 53.0637 | -0.357197 -0.596562 | 515.161 -649.555
81.3724 32.1628 | -0.554821 -0.0308451 | -1.09139e-11 1.61435e-11
-9.49778 30.3845 | -0.121695 -0.37763 | 66.9437 -1336.65
38.3799 59.8934 | -0.230335 0.524336 | -3.18323e-12 6.13909e-12
75.7283 -24.241 | -0.263104 0.194005 | -2.38742e-12 4.77485e-12
31.7812 15.6363 | 0.427309 -0.0998644 | -4.48932 18.8194
51.1805 -44.5334 | 0.301833 0.140467 | -81.5362 494.178
-66.421 12.5045 | 0.101108 -0.383954 | 0 -1.81899e-12
24.762 67.6782 | 0.433844 -0.19646 | 9.09495e-13 -1.36424e-12
-70.5445 33.9448 | 0.413712 0.0526647 | 3.86535e-12 1.25056e-12
-79.6572 8.16842 | 0.499653 -0.0584297 | -254.115 975.028
24.5503 -75.7306 | -0.0938799 0.349932 | -16.1974 -84.1152
-23.7251 -56.152 | 0.365043 0.553237 | -361.173 1886.5
55.868 -7.85846 | 0.550649 0.141281 | 7.04858e-12 -2.72848e-12
15.4891 84.3068 | 0.252224 -0.16612 | -1.81899e-12 -2.72848e-12
-24.985 -72.3807 | -0.523684 0.227772 | 340.796 -1860.59
-47.0536 47.3003 | 0.176575 0.231473 | -6.36646e-12 -1.81899e-12
-27.6992 19.7349 | 0.272725 -0.413741 | 5.91172e-12 -4.46221e-12
6.47193 -94.6914 | 0.106699 0.382845 | 2.36469e-11 0
35.5701 31.7839 | -0.870297 -0.188496 | 16.9068 -6.28839
-66.8877 -21.0994 | -0.176159 0.0601175 | 5.45697e-12 -9.09495e-12
-56.058 23.4347 | 0.382111 -0.36423 | -594.392 -629.013
-42.5817 -27.5153 | 0.336012 0.583644 | -2.72848e-12 -3.63798e-12
6.15237 69.8207 | 0.904117 -0.21508 | 315.917 1020.88
67.4553 -50.2518 | -1.01822 -0.226334 | 26.2578 -80.2938
82.874 40.6526 | 1.05174 -0.458567 | 11.7563 17.1874
16.6241 5.62223 | 0.709233 -0.128417 | 4.48932 -18.8194
82.3857 22.1797 | -0.0492815 0.244548 | -3.63798e-12 -1.68257e-11
21.6072 93.4299 | -0.578705 0.060723 | 54.1295 65.6572
8.69989 -66.7924 | -0.562062 0.423063 | -2377.9 -428.933
10.5822 91.74 | 1.01021 0.350419 | -54.1295 -65.6572
-71.8993 -7.4283 | -0.150117 -0.270398 | 254.115 -975.028
-1.44766 -87.5955 | 0.422826 0.635208 | 5.45697e-12 2.72848e-12
-64.1449 -41.0869 | 0.277005 -0.16731 | -166.453 405.341
-7.12426 38.6629 | 0.801293 -0.468463 | -96.9482 1319.41
-35.4021 71.8397 | -0.601783 -0.352671 | 10.8089 -3.91292
-0.504104 -80.3071 | 0.363303 0.121444 | 16.1974 84.1152
75.9385 -4.01134 | -0.348205 -0.227 | 1.56888e-11 -1.36424e-11
47.2881 69.5246 | 0.576856 0.125035 | -308.689 -437.907
-69.2075 -44.7596 | -0.463742 0.65335 | 0 -1.81899e-11
-77.0592 24.815 | 0.291558 0.206833 | -1.09139e-11 -1.09139e-11
-39.5406 -84.3941 | -0.0403819 -0.418457 | 8.18545e-12 -1.81899e-11
9.83528 -4.64372 | 0.508587 -0.367453 | 3.63798e-12 -9.09495e-13
47.7336 -42.6408 | -0.243955 -0.208956 | 9.09495e-13 -1.81899e-12
-58.44 62.4878 | -0.00602476 -0.0434622 | -494.124 633.532
-50.7401 -72.5029 | 0.584605 0.519914 | 1.84173e-11 1.09139e-11
-58.9181 -55.6826 | 0.0312045 -0.247681 | 4.54747e-12 -8.55493e-12
11.8219 -52.9435 | 0.242197 -0.866156 | -141.195 -430.347
16.5193 -56.7955 | 0.770414 -0.355301 | 2344.18 308.184
-52.5133 -51.7958 | -0.301091 0.286279 | -1624.61 -2478.74
-66.3116 -15.7678 | 0.89499 -0.0364447 | 1.18234e-11 3.86535e-12
30.4352 -78.7006 | 0.257996 0.358176 | -1.81899e-12 -1.81899e-12
30.2946 -60.8808 | -0.372914 0.124645 | 3.63798e-12 5.00222e-12
41.0136 -29.2116 | -0.655272 -0.158287 | 3.63798e-12 8.6402e-12
8.08704 56.4589 | 0.677191 0.12633 | 411.936 -443.767
-42.0074 -64.1395 | 0.220966 0.381332 | 20.7669 18.2407
51.438 8.85152 | -0.367388 -0.114733 | -4.54747e-12 -5.45697e-12
60.6149 -34.8498 | -0.523424 -0.0704253 | -5.45697e-12 2.72848e-12
20.7493 33.2291 | -0.234571 0.864714 | -16.9068 6.28839
46.6322 -13.4289 | -0.00249279 -0.335221 | 29.4381 357.004
0.0545596 -12.4343 | 0.503113 -0.432859 | -5.00222e-12 -1.59162e-12
58.002 -26.2779 | 0.322664 -0.704465 | 2.27374e-13 -6.13909e-12
-12.0315 -26.3393 | -0.020258 0.0901316 | -2.95586e-12 5.68434e-13
-49.9581 34.0134 | 1.14022 0.461703 | 133.065 209.241
61.2095 72.7356 | 0.779297 -0.677604 | -6.1906 -9.09076
-47.4123 -11.1333 | -0.678895 -0.282482 | 2.72848e-12 -3.63798e-12
45.2121 -80.758 | 0.503213 0.401661 | 1.63709e-11 -7.27596e-12
73.1463 -56.4645 | 0.30426 0.684705 | 4.09273e-12 -8.92442e-12
-24.8354 -33.4796 | 0.738645 0.576249 | 1.81899e-12 -3.63798e-12
-60.3873 25.4131 | 0.286621 0.0568234 | -133.065 -209.241
-67.8152 63.1261 | 0.725243 0.0849793 | 95.1426 -279.119
-25.8753 62.5763 | 0.238031 -0.111873 | -5.74119e-12 -1.22782e-11
-72.2473 -18.5285 | 0.506713 0.372089 | 1.40972e-11 6.36646e-12
37.0811 -65.7244 | 0.0735577 0.241566 | 11.0053 16.1546
83.0875 -38.4203 | -0.120233 0.805737 | -2.18279e-11 1.81899e-12
-36.5394 -0.125894 | 0.550233 -0.277996 | -2.18847e-12 0
-78.3709 -31.0159 | -0.52902 0.402683 | 0 6.36646e-12
