-54.8344 -37.8311 | -0.546501 -0.730651 | -4.09273e-12 -1.18234e-11
44.0956 -73.1967 | 0.0195484 0.375327 | -15.9426 10.6072
-15.6529 66.3943 | 0.23832 0.122608 | 160.508 -251.836
-15.4079 -15.8849 | -1.06345 -0.255646 | -1324.88 2396.02
-56.076 11.3372 | 0.0829595 -0.358135 | 5066.07 -7464.06
-44.6538 47.3223 | -0.0877623 -0.872074 | -57.3888 230.522
57.2384 36.9604 | 0.770912 -0.13122 | 104.18 951.346
10.0309 20.6437 | -0.337257 0.272746 | 1.81899e-12 5.06439e-12
-73.6295 34.5037 | -0.583188 -0.738398 | 1297.37 -1769.55
-74.1531 22.0422 | 0.581966 -0.930162 | -1329.13 1973.31
6.1456 -60.5079 | -0.118971 -0.601139 | 26.3396 2.67736
8.88077 -49.7485 | -0.300449 -0.357982 | -674.574 1911.32
54.4535 30.5479 | -0.606135 0.409506 | -3.63798e-12 3.63798e-12
-16.8587 -89.4159 | -1.49383 -0.174574 | -627.327 -188.763
-29.4199 -74.5945 | 0.266252 0.39193 | 573.148 -1489.39
-77.8199 27.3078 | -0.543533 -0.720193 | 9.35326 49.2331
-0.586641 -61.8581 | -0.437238 -0.0237843 | 336.755 -381.45
33.8777 57.1369 | 0.682683 -0.250359 | 298.555 257.906
-39.1706 56.3042 | -0.0456736 -0.100701 | 1161.08 -1284.91
47.0824 -23.3029 | 0.0964999 -0.545219 | -81.5021 1219.53
38.5613 -57.5831 | 0.0829101 -0.205448 | 547.696 395.419
31.544 -78.9558 | -0.443444 1.24173 | -1.81899e-12 4.54747e-12
13.0526 77.9409 | 0.00227366 0.458534 | 4142.79 7947.09
-17.4599 -26.7022 | -0.0957599 0.144259 | -1907.66 -3466.41
63.092 -32.7011 | -0.43973 0.260363 | 41.5462 -122.572
-47.384 59.0322 | 0.328116 -0.327592 | 6.25278e-13 1.81899e-12
-10.9186 -45.3549 | 0.144296 -0.364655 | -1387.34 2232.17
68.5564 -15.9998 | -0.110288 -0.122979 | 0 -1.23919e-11
17.7611 -59.5607 | 0.109886 -0.79253 | -35.8827 15.8179
-51.1339 77.9939 | -0.136052 -0.361604 | 154.998 799.935
25.8478 -13.3884 | 0.691866 0.136795 | 1668.1 -1864.21
-60.1872 74.005 | 0.291219 -1.06894 | 3138.05 -1681.17
3.49994 18.9469 | -0.427319 -0.27752 | 317.26 1440.36
31.1196 28.2155 | -0.386216 -0.318551 | 898.809 -858.732
-80.4004 41.1412 | -0.653965 -0.0783369 | -28.2644 66.5706
49.468 -69.4917 | 0.627921 0.241751 | 3.63798e-12 -9.09495e-12
13.9787 -73.0074 | 0.865063 0.271066 | 151.597 -226.949
51.4122 61.2873 | 1.00443 -0.605806 | -102.828 166.821
51.5687 43.2809 | 0.55868 0.333127 | 53.2724 -94.9257
-62.762 -53.4304 | 0.423037 0.442194 | -1278.73 -2504.47
-18.1286 75.6287 | -0.011908 -0.142391 | 894.543 1536.12
5.0487 32.7215 | -0.200094 0.156846 | 1699.11 1942.85
73.0721 -5.48118 | -0.0191312 -0.22817 | 2846.75 -7571
-0.350776 -47.8847 | -0.281633 -0.262414 | 742.877 -5173.51
-10.373 -85.549 | 0.178796 0.00549573 | -2.72848e-12 -6.36646e-12
-5.92305 83.4211 | 0.251838 0.677828 | 3.63798e-12 5.45697e-12
19.9379 94.3843 | 0.450395 0.187262 | 5.30648 7.99577
-22.2492 36.6622 | -0.110953 -0.051797 | -1699.11 -1942.85
21.1727 36.7524 | 0.303547 -0.00354578 | -29.9158 -619.41
43.3612 1.79327 | -1.05695 -0.476964 | -382.407 -227.11
-19.2855 -90.9347 | 0.554357 -0.677373 | 377.246 -670.597
-14.3382 -10.472 | 0.186654 -0.286773 | -1.81899e-12 -6.59384e-12
9.85749 -71.0811 | 0.8485 0.0332909 | -804.288 -598.136
-15.9059 -78.8912 | -0.132348 0.254666 | -32.706 28.1695
-35.4553 -41.8211 | -0.14152 -0.364581 | 65.9258 813.272
-2.93742 5.19025 | -0.368407 0.307094 | 1.00044e-11 -9.09495e-13
14.8995 64.7636 | 0.497411 0.694117 | -943.267 -1656.4
17.4757 6.18851 | -0.526112 -0.277544 | -60.3434 78.6666
6.35653 15.4022 | -0.868065 -1.36724 | -317.26 -1440.36
72.6817 1.79822 | -0.644843 -0.15352 | -1.36424e-12 2.04636e-12
33.2821 70.0651 | 0.0103096 0.0492621 | 41.2026 132.715
-28.114 -7.12824 | 0.0996716 0.240171 | 961.208 1077.48
-57.1594 38.9327 | 0.128177 -0.695617 | 1.00044e-11 2.27374e-12
-25.6295 -69.525 | 0.801254 0.146274 | 8.02775 -14.2574
-49.3704 -48.4022 | 0.0600662 -0.00946315 | 71.5435 -201.83
-48.3073 -45.2723 | 0.168862 0.124149 | -388.413 -83.5308
-49.24 -57.7082 | 0.848583 0.276134 | 2352.52 4589.74
-66.3684 -6.17952 | 0.714176 0.530988 | 3.63798e-12 5.22959e-12
-57.5392 23.0421 | 0.70466 0.58473 | -5.91172e-12 -1.18234e-11
40.2746 -51.429 | -0.477046 -0.0988325 | 674.574 -1911.32
25.683 86.1652 | 1.48311 0.207602 | -2.8249 -34.2094
-14.0759 80.7085 | 0.840639 -0.0722537 | 22.7136 144.449
67.1282 -11.7485 | 0.195375 -0.331039 | -1.18234e-11 3.41061e-13
66.0842 -21.1615 | 0.000301253 0.107027 | 5.68434e-12 -1.13687e-12
-16.0307 4.92387 | -0.530769 -0.0951229 | 76.6936 111.405
32.1274 53.4138 | -0.245295 -0.336489 | -1057.31 1474.88
-10.7906 60.9936 | 0.141625 0.772959 | 407.124 1519.34
33.6121 -35.1666 | -0.420364 -0.338746 | -6.36646e-12 9.09495e-13
13.2219 -32.8719 | -0.00788248 -0.423666 | 64.1566 -166.885
52.9234 33.4344 | 0.585242 -0.575786 | -787.366 236.236
70.7115 -41.2519 | 0.589649 0.293101 | -7.27596e-12 -5.45697e-12
-48.2421 -31.0972 | -0.126369 0.404621 | 1693.54 -3151.34
6.83696 93.5648 | 0.00827517 0.870942 | -5.30648 -7.99577
38.0684 -31.9155 | -0.329474 -0.530224 | -301.628 1359.16
71.7972 -29.2923 | -0.449735 0.0601704 | 81.5021 -1219.53
-22.0487 49.7233 | 0.721553 -0.192009 | 1.81899e-12 4.09273e-12
-3.94767 0.270841 | -0.504745 0.4621 | 937.626 7426.04
-72.4847 -1.56699 | 0.0470233 -0.558023 | 3.63798e-12 -3.18323e-12
-63.7386 -28.8619 | 0.77521 -0.0945198 | -18.8207 -69.7839
41.716 18.481 | -1.08802 -0.505814 | 0 0
14.1253 45.5286 | 0.683946 0.726804 | -1981.32 -1248.55
-1.255 84.9589 | -0.0641077 0.544842 | 283.11 640.935
68.0739 -43.8544 | -0.0122783 0.0943428 | 250.626 1089.27
51.5075 -3.29898 | -0.771956 0.352155 | 356.082 -348.791
-39.6479 43.7488 | -0.98077 -0.374722 | -1257.53 1506.06
8.48695 -53.8537 | 0.0508004 -0.315028 | -150.755 214.105
25.7936 74.8312 | 0.0454731 -0.055511 | -3896.01 -9560.86
-62.0351 23.7447 | 0.380989 -0.358452 | 134.411 117.625
-39.8072 74.7218 | 0.445569 0.141027 | 162.848 -986.533
30.1542 -18.9221 | -0.535171 -0.888725 | -27.5665 119.319
-44.9859 -17.9707 | 0.0646564 -0.118575 | -557.807 -674.902
-77.4962 0.84321 | -0.127791 0.184917 | -1.81899e-12 3.63798e-12
-11.6458 43.1156 | 0.436007 0.0329359 | 5.91172e-12 -3.18323e-12
4.61517 10.2628 | -1.00674 0.0312589 | 45.357 1216.39
-29.6088 21.9066 | 0.39403 0.615575 | -7.7307e-12 2.72848e-12
-56.46 61.6561 | 0.166825 -0.517924 | -34.1877 -151.137
-70.3335 -23.8056 | -0.634882 -0.240224 | -12.523 7.13011
-48.4241 -69.5279 | 1.67236 -2.70847e-05 | -1.09139e-11 1.11413e-11
-43.1793 70.2383 | 0.00902626 -0.481578 | -357.931 -49.3261
18.6744 47.7078 | -0.460735 0.66427 | 2124.81 1472.67
66.9068 53.9739 | 0.0940316 -1.13165 | 406.975 399.807
38.267 -38.3801 | -0.342953 0.214011 | 417.274 -1132.26
-6.51288 -34.3226 | -0.137371 -0.0273201 | 2266.75 1262.33
28.4203 72.4187 | 0.370651 0.386256 | -3.41061e-13 8.6402e-12
66.1351 19.4702 | -0.410815 -0.229943 | -322.699 -2287.81
13.4448 -91.176 | -1.27574 0.63851 | 392.213 993.09
70.5088 8.35378 | -1.00754 -0.205447 | -30.8691 372.953
-80.9859 -7.95166 | 1.24187 -0.674813 | 1.00044e-11 -6.82121e-13
-40.6699 -72.8361 | 0.875229 0.264058 | -573.148 1489.39
53.6204 63.1738 | 0.385772 -0.197313 | -4.54747e-12 -5.45697e-12
-64.4574 11.8797 | 0.744814 -0.696587 | -5080.25 7312.82
-9.89016 45.6857 | -0.591182 0.264601 | -18.0212 55.1635
-65.8891 26.0674 | 0.436875 -0.483417 | 1385.61 -2069.04
-39.5674 -10.6844 | 0.541399 0.561481 | -961.208 -1077.48
43.1144 -67.2478 | 0.219359 -0.666964 | 940.529 342.27
-12.8874 90.0709 | -0.480635 0.126754 | -10.8894 18.562
17.3468 -57.8544 | -0.114261 -0.353771 | -382.523 -590.369
50.0489 -64.226 | -0.802389 0.232525 | -592.377 2607.54
-69.456 61.4939 | -0.111291 -0.581686 | -3.63798e-12 8.18545e-12
-16.5513 -5.21552 | -0.0961795 0.80066 | -3.63798e-12 0
-4.81338 -63.3111 | -0.454444 -0.185641 | -191.608 -187.899
-29.2353 -86.2988 | -0.55067 -0.19156 | -23.7575 1415.59
-66.3039 -34.2298 | 0.246394 -0.0622175 | -2.27374e-12 -1.81899e-12
62.7887 -46.7031 | -0.00941786 0.432385 | -250.626 -1089.27
1.35474 -8.95931 | 0.0822926 -0.499355 | 1.04592e-11 6.36646e-12
-50.2642 -59.623 | -0.217064 0.961217 | -2352.52 -4589.74
57.8619 66.1423 | 0.418417 0.0761192 | 3.36513e-11 9.09495e-12
-33.1813 54.3223 | -0.6876 -0.491065 | 14.5975 -36.2123
-63.0297 43.9261 | 0.437311 0.267526 | 341.146 2874.74
79.5858 12.1147 | -0.220786 0.14044 | 43.4853 83.4128
-29.5921 -81.3112 | -0.299131 0.083788 | 4.94318 103.564
60.2619 -39.0526 | 0.070249 0.803186 | 0 -4.3201e-12
65.922 -8.56708 | -0.352007 -0.312627 | -83.1557 -95.8636
-72.5293 4.06794 | 0.0813898 -0.929616 | -2.72848e-12 -4.09273e-12
-10.463 -93.9647 | -0.680789 0.73173 | -312.281 -1494.9
54.3105 19.1778 | -0.0819826 -0.375064 | 90.7148 306.691
-4.62093 -81.966 | 0.501544 -0.376392 | 32.706 -28.1695
27.1097 89.1756 | 1.41828 -0.198853 | 13.7143 15.6474
2.3826 35.9889 | 0.80031 0.59678 | 9.09495e-13 9.09495e-13
-8.9851 -24.5068 | 0.427402 0.0936109 | 695.191 856.406
58.7539 53.8245 | 0.0592635 -0.870722 | -602.703 -824.534
61.2264 -52.5633 | 0.315648 0.135079 | -399.69 671.999
-32.7948 58.9076 | 0.452164 -0.433398 | -1631.31 -57.3778
-47.3138 -61.4501 | -0.104856 0.079896 | 2321.25 7503.31
-55.7292 -22.0871 | 0.0022813 0.345555 | -1906.8 1747.08
52.6812 -65.5798 | -0.0435264 0.201776 | 302.614 -2138.61
58.3507 -29.2774 | 0.124091 -0.185992 | -41.2237 123.093
55.3791 -56.5589 | -0.0346309 -0.293734 | -1530.74 -2304.58
-84.7169 28.3681 | 0.132151 -0.668578 | -295.334 -2908.34
25.4676 -87.7108 | -0.728826 0.19103 | 0 9.09495e-12
73.9247 -52.0518 | -0.282726 -0.0466315 | 1930.43 1632.58
74.5031 17.9236 | -0.834698 -0.226806 | -0.519022 -28.3577
-57.0141 -46.0423 | -0.358099 -0.371071 | 250.944 -527.911
-75.6041 52.7161 | -0.527834 0.353072 | -55.117 385.859
27.3996 -84.8395 | -0.0266632 0.226535 | -7.27596e-12 -9.09495e-12
-69.4356 52.4441 | -1.28028 -0.462378 | 89.3047 -234.722
19.441 -45.7919 | -0.269424 -0.285923 | 528.497 2713.91
-12.9521 -32.5497 | -0.0881309 -0.706589 | -1144.45 771.359
47.5834 45.5941 | 0.486407 0.478509 | -53.2724 94.9257
-22.0405 78.8324 | 0.502808 0.613604 | -22.7136 -144.449
-29.6112 -66.2063 | 1.02316 0.552393 | -53.416 -234.589
-55.9772 -50.416 | 0.0514033 0.0395985 | -62.8834 193.392
54.2668 -73.9859 | 0.233126 0.508252 | 15.9426 -10.6072
50.0938 26.4801 | -0.304386 0.115845 | 52.5934 234.438
-53.6353 -52.0835 | -0.175792 -0.392383 | 1341.61 2311.08
13.1532 51.129 | -0.331961 0.488103 | 2.50111e-12 5.68434e-12
-26.9565 32.4623 | 0.119432 0.0198065 | 1.73884 -44.0137
42.5987 78.2642 | 0.26697 0.0718409 | -529.888 972.832
62.471 42.3374 | 0.129259 -0.213388 | -95.5605 340.124
14.0561 8.12676 | -0.0244429 -0.403166 | -45.357 -1216.39
-57.4215 -55.9643 | -0.250339 0.287101 | 0 0
-70.3267 -16.4341 | 0.337387 -0.679018 | -2.72848e-12 9.09495e-13
32.3203 -82.3027 | -0.059526 0.622355 | -1.77351e-11 -1.81899e-11
0.415232 -21.4776 | -0.340691 -0.646489 | 1390.46 2800.66
57.6297 18.8694 | -0.636586 -0.502923 | 292.846 1930.81
-10.6758 -0.508152 | 0.207326 -0.156396 | -1014.32 -7537.45
63.3036 28.503 | -0.730797 -0.528072 | -52.5934 -234.438
-56.1406 79.133 | -0.245669 -0.0696428 | -3250.95 2156.49
0.925535 -96.9404 | 1.12359 0.413492 | 188.964 -157.987
30.0177 83.5487 | 0.208572 -0.386333 | -1.95541e-11 -4.54747e-13
3.22294 25.7189 | -0.813907 0.449985 | -217.362 -284.836
-43.2127 -62.421 | -0.311537 -0.123009 | -2425.89 -6722.76
-29.8372 -36.9136 | -0.671856 0.261875 | -1125.59 -2039.98
79.5539 -4.99577 | -0.720753 0.374598 | -2846.75 7571
-63.5488 25.4506 | 0.313379 -0.466578 | -120.228 33.619
52.7318 6.75938 | -0.525303 -0.526195 | 96.8647 215.398
61.5652 -60.5906 | 0.500984 0.119514 | 1.92562 13.8845
-61.1931 -19.2959 | -0.118263 0.100418 | 247.894 1473.2
44.5031 50.3751 | -0.923648 -0.0812341 | 1105.82 -1615.72
-77.3225 23.8873 | 0.0839431 0.595976 | -65.8358 46.4983
