31.6969 26.1651 | -1.07475 0.370673 | -415.254 -800.144
-20.8764 -92.6861 | 0.47424 -0.665006 | -3371.97 -2923.05
-33.972 -28.1692 | 0.346976 -0.526036 | -2.27374e-12 5.00222e-12
21.8924 51.3767 | 0.638734 -0.0596516 | 37.9969 -54.1958
28.7132 4.61537 | -0.564185 0.727845 | 4.53611 8.38031
67.1578 -25.0926 | 0.375984 0.149959 | -121.815 -840.35
-33.2831 68.2656 | 0.0671515 -0.51359 | 362.976 162.377
-55.2865 53.8943 | 0.380494 -0.858545 | -4.83201 6.33075
51.1545 -1.98345 | 0.244375 0.214691 | -1.36424e-12 1.36424e-12
-26.2462 -6.4998 | 0.33098 -0.155207 | -9.09495e-13 -2.27374e-12
74.5721 -52.1981 | 0.359139 0.790509 | 571.741 1422.24
-13.8932 -73.747 | -0.754614 0.295689 | -4.54747e-13 -7.50333e-12
-67.791 -43.4235 | 0.257576 -0.190778 | 7.27596e-12 5.22959e-12
-47.8035 -58.823 | 1.29127 -0.422756 | -1049.83 842.419
-47.982 42.4276 | 0.431039 0.72709 | -368.585 632.158
12.7439 72.6653 | -0.923647 0.239638 | 65.1768 415.046
-13.4037 -67.1235 | -0.315485 0.192436 | 4.54747e-13 -5.68434e-13
-66.7395 -58.6446 | 0.283042 1.37341 | 58.3094 900.694
-9.98742 -55.9248 | -0.262356 0.16948 | -542.885 -828.066
-37.9505 -74.7426 | -0.499785 -0.287529 | -27.3447 -115.457
-52.5769 63.1911 | -0.259482 -0.952194 | -63.4613 -208.406
29.8739 -32.5197 | 0.253944 -1.1684 | 1.36424e-12 -8.18545e-12
-52.5464 -67.0714 | -0.80407 -0.0264538 | -1.04592e-11 7.27596e-12
43.6449 39.7093 | 0.343629 0.674582 | 1478.86 -3346.12
-32.6979 -41.6826 | 0.0275869 -0.512987 | -2894.82 2315.74
-79.0474 -6.77267 | 0.219767 -0.0605244 | -2.79797 -10.5588
-52.4945 -51.1512 | 0.574947 1.0378 | -144.052 764.625
23.5215 -67.679 | -0.13098 -0.450589 | 2.27374e-12 -5.05906e-12
24.5414 21.1612 | -0.0719882 0.496084 | -2.72848e-12 2.89901e-12
22.6361 -73.5614 | 0.834263 0.921032 | 9.09495e-12 0
-2.69969 53.4658 | -0.390362 0.0333102 | 3.63798e-12 4.43379e-12
-71.7153 58.081 | 0.417305 0.207511 | 928.012 2491.91
33.2483 67.7025 | -0.750394 -0.113822 | 554.776 675.165
-47.21 71.4484 | -0.127205 -1.65111 | -434.824 705.567
-3.42706 63.6322 | 0.912586 -0.48993 | -611.048 415.483
14.5126 46.3487 | -0.199702 0.834182 | 364.463 481.839
-8.8852 73.5746 | -0.794529 0.452854 | -821.665 -2256.07
37.234 66.5392 | -0.123285 0.201394 | -152.606 -2055.38
12.0265 40.5132 | -0.196234 1.1113 | 73.4474 -897.253
-31.5819 24.5707 | -0.551877 0.968574 | 1.81899e-12 0
-14.3662 88.3618 | 0.543781 -0.149215 | 2.79009 1392.77
-40.1168 17.1922 | -0.141065 0.674737 | -522.862 794.927
31.0612 -15.0994 | 0.447666 0.133324 | -1.81899e-12 -2.50111e-12
90.2252 -14.8285 | -0.450966 -0.475939 | 121.262 12.6582
-67.1903 -21.9092 | 0.871539 -0.447797 | -4.718e-12 4.54747e-13
51.2282 -49.951 | -0.0416969 0.130814 | 1266.34 2366.28
-3.56749 -10.6013 | -0.307037 0.144421 | 3.53495e-12 8.18545e-12
22.2986 -59.253 | 0.517985 -1.18375 | -737.422 -1113.63
30.6561 -25.714 | -0.16802 -0.889509 | 9.09495e-13 -1.50067e-11
30.8278 28.3783 | -0.054653 0.544082 | 137.242 501.972
9.90706 94.1401 | 1.10392 -0.0431963 | -65.6237 -116.46
-67.4471 -29.1272 | 0.745823 -0.18416 | -11.9316 46.3553
-50.0876 3.15742 | -0.15284 0.607898 | -458.647 555.818
-29.4444 7.33579 | -0.0798928 0.528634 | 1.7053e-13 4.54747e-12
-43.0073 -24.5568 | -0.213904 -0.077953 | 4.54747e-13 9.09495e-13
-54.6197 -60.1031 | 0.729983 1.12759 | 674.491 -921.014
48.566 -25.7204 | -0.699881 -0.821276 | -275.34 -431.564
-55.3251 19.4434 | -0.312934 0.205566 | 9.09495e-12 -2.27374e-12
-37.3491 64.1637 | 0.469181 -0.686716 | -10.0884 -255.1
-20.6811 -30.9728 | -0.3456 -0.575344 | -209.936 346.212
28.3018 86.7328 | -0.0857504 -0.137485 | -1356.17 1446.18
74.5965 -16.1186 | 0.0332848 0.134555 | -93.5317 -93.1607
14.8543 -37.9766 | 0.5146 -1.05863 | 403.122 -490.432
41.4892 2.55712 | 0.0577773 0.453049 | -4.53611 -8.38031
-6.49245 39.2054 | -0.388246 -0.423573 | 0.93812 -5.41897
57.1407 -15.3419 | -0.96782 -0.637463 | -6.36646e-12 -4.54747e-12
25.82 -92.7257 | -0.375529 -0.133316 | 1149.76 -2626.2
-57.9265 -35.2903 | 0.0994184 -0.936908 | -4.54747e-12 -2.72848e-12
-53.4744 -56.4191 | 1.37732 0.476877 | 483.955 -296.492
59.925 14.1818 | -0.717783 0.954266 | 465.507 989.444
-20.4406 -90.5857 | 0.108948 0.319594 | 3251.84 3643.41
-23.8158 -71.5906 | 0.392386 0.401625 | 447.422 -378.452
-28.1205 -69.4669 | 0.0231679 -0.725851 | -518.616 583.921
-29.2002 -17.3386 | -0.317989 0.316871 | 50.5433 -92.3317
67.6916 35.509 | -0.149965 0.581279 | 1.3415e-11 -1.04592e-11
39.1979 41.1371 | -0.437718 0.790279 | -254.89 1829.3
71.0541 32.6534 | 0.212914 1.31093 | 125.055 283.108
-65.9765 57.2477 | 0.434139 -0.781114 | 1659.15 2122.83
-55.3661 9.26503 | -0.367259 -0.157701 | 927.408 -896.154
-72.6404 -46.3729 | -0.541315 0.0734544 | 58.1093 -710.996
-35.4256 -37.7276 | 0.235825 -0.750635 | 16.3908 128.966
55.3177 -28.6503 | 0.189742 -0.6737 | 1.40972e-11 -1.11413e-11
-24.7622 -42.5413 | 0.920629 0.693517 | 2685.24 -2300.49
-63.6801 33.4622 | -0.0988438 -0.435673 | -70.122 -345.436
49.9418 55.3637 | 0.846986 0.193501 | -2490.4 -773.159
-35.8827 22.2469 | -1.06207 1.13226 | 1745.61 1719.81
-24.9001 78.1142 | 0.82777 -0.36196 | 1171.62 2445.55
75.004 18.282 | -0.31857 -0.3031 | -1082.85 -2325.21
54.1376 -65.8387 | 0.817471 -0.380348 | -250.738 762.104
17.6371 15.0989 | 0.237699 0.0765937 | -1.81899e-12 3.18323e-12
13.2864 87.6555 | -0.151543 -0.304229 | -1.00044e-11 -1.81899e-12
-62.7646 55.5577 | 0.341927 -0.29694 | -1728.67 -2486.04
13.589 6.67355 | -0.239131 0.597354 | -8.6402e-12 -2.50111e-12
21.3123 -76.8584 | 0.338943 0.0359927 | 4117.77 7028.27
54.8786 72.971 | 0.00838996 -0.342598 | -907.868 1141.32
62.6083 38.7735 | -0.115107 -0.422854 | 8.18545e-12 -9.09495e-13
46.0823 -53.8497 | -0.311492 -0.398175 | -1685.32 -2666.23
2.20545 -84.1679 | 0.0232632 1.09809 | -822.486 376.642
87.1939 10.8235 | -0.480551 0.186601 | 689.288 1470.26
25.6073 69.9964 | 0.89114 0.209861 | -66.6392 980.787
-28.0421 -83.8223 | -1.09549 -0.262303 | 28.7135 -435.903
-27.6725 61.5969 | 0.177079 -0.0109969 | -157.499 -720.241
56.548 60.0386 | 0.449246 0.0162634 | 326.739 -1246.67
-40.4736 -77.1847 | 0.0204586 -0.547799 | 3163.82 4851.18
-37.8838 -26.3483 | 0.223764 -1.17456 | 6.82121e-13 1.36993e-11
-74.699 -22.2752 | 0.165531 0.0637944 | 149.911 57.9276
-81.7365 9.60369 | -0.102675 0.543257 | 0 -7.27596e-12
1.45729 -61.6477 | -0.304051 0.066628 | -1.81899e-12 -2.72848e-12
1.9399 -49.562 | -0.0479518 0.355263 | -262.889 -355.518
-57.1029 11.9958 | -0.304605 -0.247807 | -927.408 896.154
5.65654 57.5824 | 0.0949412 0.273415 | 5.00222e-12 -4.54747e-12
-72.3361 42.1697 | 0.877134 -0.610379 | 368.331 859.483
-5.29759 92.0199 | 0.547589 0.289505 | 36.8135 -141.166
-30.6119 -66.1786 | -0.288542 0.159633 | -8.6402e-12 -7.27596e-12
-53.1199 48.7566 | -0.645547 -0.433777 | -714.721 -182.713
54.5764 -63.3968 | 0.447093 0.598437 | -544.057 -1236.41
63.8681 -10.7061 | -0.9063 -0.689383 | -27.7304 80.5025
63.8907 -38.8115 | -0.108371 -1.19529 | -465.932 -1666.98
37.6642 -59.0688 | -0.277209 -0.277907 | 2276.84 110.298
-42.3108 45.7171 | -0.0300221 0.186459 | -328.424 -878.752
-33.3162 75.9693 | -0.136552 -0.136867 | -349.956 -189.472
-26.6276 84.154 | 0.715665 -0.445535 | -15.298 417.671
40.8078 -69.9635 | -0.329796 -0.129127 | 225.473 -984.971
33.874 74.8493 | 0.424037 0.286501 | 210.754 136.412
-34.6089 -9.84259 | -0.611142 -0.22644 | -9.09495e-13 3.63798e-12
1.15306 -87.7646 | 0.0497571 -0.0925732 | 105.617 1436.04
29.2594 -36.8649 | 0.517364 -0.541221 | 9.09495e-12 4.54747e-12
36.6027 -50.241 | 0.110703 -0.589059 | 2122.07 3967.7
-77.7875 23.0783 | 0.395346 0.684988 | 4.3201e-12 2.95586e-12
62.2836 54.995 | -0.0302038 0.262539 | 1037.71 3156
22.9783 -88.1753 | -0.256156 0.45825 | 166.979 -1806.95
-17.0031 31.6543 | 0.0806363 0.433268 | 5.1017e-12 -8.6402e-12
62.788 9.1301 | -0.530522 -0.183464 | -282.25 -819.235
60.1303 -43.7754 | -1.03277 -0.318481 | -1.81899e-12 0
35.1291 48.1358 | 0.571771 0.625347 | 1248.7 1626.54
-40.5919 56.9276 | -0.832878 -0.830353 | -203.566 -1993.35
-74.3315 -18.0131 | -0.29521 -0.315718 | 843.445 -657.673
-16.3651 -89.1393 | -1.00146 0.200469 | -18.5916 -652.546
-56.9178 37.2965 | 0.790897 0.97916 | 70.122 345.436
51.3262 19.1227 | -0.310626 0.791425 | -44.7099 73.2499
17.5069 -44.9788 | -0.69087 -1.33245 | -1250.44 -2352.33
88.9852 12.7452 | 0.895079 0.236414 | 505.913 851.29
64.9432 47.4796 | -0.676818 0.226963 | -3.63798e-12 -9.09495e-13
37.044 -54.7372 | -0.465621 -0.609935 | -189.755 -959.909
79.6953 -50.7758 | -0.305318 -0.795302 | -2.41824 37.044
-33.0478 71.4152 | 0.968654 -1.257 | 4.09273e-12 3.63798e-12
4.627 26.6573 | 0.309885 0.514465 | -3.18323e-12 5.00222e-12
-75.2147 32.3323 | -0.0519895 -0.150629 | 430.071 -663.079
7.07439 -84.0093 | 0.46307 -0.10142 | 150.313 2259.32
27.6262 -55.8227 | -0.190297 -0.346074 | -1015.62 1698.9
60.9425 19.9848 | -0.358484 0.374275 | 3.41061e-12 2.16005e-12
60.3149 69.6645 | -0.423928 0.58301 | 3165.65 2170.57
52.6905 62.6713 | 0.404592 0.000887304 | -1938.69 -431.63
37.6232 -80.521 | 0.0608599 0.354402 | 93.4179 601.982
47.0868 53.5721 | -0.232935 -0.406835 | 1352.26 -2122.73
-81.1434 -1.20203 | -0.19589 -0.113124 | 0 1.81899e-12
-46.2243 14.8933 | 0.145327 0.188659 | -1222.75 -2514.74
-59.7017 -53.7327 | 0.572195 0.562694 | -24.1317 894.736
-59.8502 66.1308 | 0.621347 -1.71519 | 63.4613 208.406
36.0633 80.0399 | -0.437291 -0.326924 | 791.216 -874.916
-72.8101 45.4546 | 0.231131 -0.474082 | -5.82698 4.0111
73.9818 -19.39 | -0.264234 -0.558083 | 397.156 1271.91
39.4187 -8.39948 | 0.532474 0.30112 | -3.18323e-12 1.54614e-11
-26.8872 29.0789 | -0.222008 1.15869 | -9.09495e-13 2.27374e-12
4.20547 95.9124 | -0.319228 0.763989 | 28.8102 257.626
-53.7108 -63.579 | 0.712436 -0.596597 | 13.8807 39.6789
20.253 -79.9414 | -0.368459 0.729803 | -4117.77 -7028.27
39.8561 12.4424 | -0.476229 0.901658 | -138.547 -243.458
18.0154 30.9261 | 0.494481 0.371387 | -1.14895e-11 9.09495e-13
50.2963 64.6 | -0.169377 0.734783 | -342.211 -2341.28
34.3395 81.8386 | -0.953708 -0.299836 | 488.233 -219.165
39.0155 -86.6336 | -0.265343 -1.15065 | -756.894 498.086
14.2485 -23.0602 | 0.531076 -0.239745 | -5.91172e-12 5.45697e-12
-33.2559 -3.1276 | 0.82185 -0.0548871 | -8.1191 -23.7418
85.1608 23.2256 | 0.866757 -0.397365 | 40.6049 18.7216
-41.2788 -79.2397 | -1.74483 0.0471536 | -2875.2 -4564.99
-30.7024 83.0398 | 0.75479 -0.737274 | 15.298 -417.671
-10.0773 -96.1812 | 0.335329 -0.280411 | 120.13 -720.364
7.91462 -39.8563 | 0.480602 -1.03135 | 5.45697e-12 2.27374e-13
-73.3673 -13.1657 | 0.666196 -0.95495 | -888.322 678.615
-35.8134 0.71336 | 0.173801 -0.270295 | 461.445 -545.26
-62.4935 -25.7122 | 0.685308 -0.313295 | -38.6118 45.9764
-80.8996 -11.1677 | -0.306567 -0.30254 | 1.45519e-11 -5.45697e-12
-88.0193 26.7137 | -1.32427 0.184299 | -55.5285 5.3399
-4.6745 48.9466 | 0.345645 0.341994 | -414.252 502.705
84.303 6.44542 | -0.45838 -0.919055 | 1.09139e-11 -4.54747e-12
-67.6188 -62.3732 | 0.19832 0.732937 | -156.676 -1460.02
-16.114 83.8437 | -0.359041 0.117298 | -2.79009 -1392.77
2.13159 -1.45317 | -0.497862 0.0490903 | 8.1191 23.7418
-74.3638 22.9175 | -0.480003 -0.522163 | -661.993 495.993
46.1336 44.4449 | 0.689477 1.15155 | -1223.97 1516.82
-38.6637 -84.2348 | -0.303765 -0.0914122 | -286.91 -26.6689
64.3137 49.9468 | 0.136738 0.0802314 | -1174.15 -1936.97
66.9513 -32.3128 | -0.695616 0.149898 | 465.932 1666.98
-78.7271 15.6951 | 0.554494 0.300271 | 661.993 -495.993
76.9333 -0.849317 | -0.591081 -0.290782 | 1.81899e-12 6.36646e-12
