2.18716 12.7271 | -0.0762781 -0.748868 | 878.164 -5880.49
30.1276 -40.0022 | 1.18143 -0.369988 | -2.72848e-12 1.87583e-12
-22.2961 -31.521 | 0.381543 -1.43572 | -502.902 851.512
-18.4702 54.5149 | 0.280587 0.422594 | 1.13687e-12 -4.54747e-13
49.7238 16.5609 | 0.857692 0.0171028 | 25.6495 565.032
-11.5058 84.6216 | -0.419635 1.10529 | 3.63798e-12 -3.63798e-12
-26.6228 89.0677 | -0.718227 -0.0535471 | -3.63798e-12 1.81899e-12
-36.7013 80.935 | -0.437493 0.86382 | -5.45697e-12 -3.18323e-12
-12.4065 9.54336 | -0.122523 -1.01322 | 2224.63 3119.96
16.2828 60.8642 | 0.0607494 1.64034 | -3.18323e-12 -1.7053e-13
-51.0691 -49.3943 | -0.168702 -1.33575 | 1.00955 2.61969
65.7217 34.0518 | 0.588141 -0.744465 | 4.54747e-12 -6.36646e-12
58.2923 72.9891 | 0.244256 -0.800812 | 643.325 356.273
12.6156 -13.9873 | 0.784683 0.0375001 | -2.36535 270.34
-13.2934 -60.938 | 0.681383 -0.923455 | 1.64846e-12 -7.57439e-12
-20.3869 27.0177 | -0.54486 0.304384 | -2.27374e-12 2.27374e-13
81.0215 4.20844 | 0.557557 0.00756797 | 1.81899e-12 0
12.958 46.1023 | 0.670399 0.358657 | 210.225 578.463
76.5034 -14.2632 | 1.39798 0.933053 | 8.18545e-12 2.01794e-12
17.5401 27.3009 | 0.200465 0.196714 | -181.999 375.161
-9.89377 -25.9798 | 0.0681352 -0.132107 | 3.63798e-12 3.41061e-12
71.3699 4.44791 | 0.977492 -0.554315 | -25.6495 -565.032
55.9393 46.6505 | -0.395452 1.20973 | 191.673 -254.877
-68.0463 50.2136 | 0.141135 0.643467 | -2.18279e-11 3.75167e-12
74.9596 29.0867 | 1.05588 1.01933 | 1.81899e-12 -3.63798e-12
-15.2728 32.7932 | -0.336899 0.292608 | -7.50333e-12 5.85487e-12
42.1155 37.0671 | 1.03005 0.364647 | 0 -1.95541e-11
76.0646 -26.5284 | -0.53192 1.10836 | -5.45697e-12 -7.27596e-12
32.0754 13.474 | 0.478538 0.372655 | 72.2634 -526.212
46.7101 -40.7963 | -0.0841421 -0.306369 | -1.81899e-12 -2.10321e-12
-64.3447 7.17323 | -1.23251 1.17147 | -1.36424e-12 -3.41061e-12
15.7241 39.0825 | 0.138849 0.829882 | -166.562 87.1289
-69.5432 17.4311 | -0.762306 0.387803 | 3.63798e-12 4.54747e-13
-74.7453 0.919082 | -0.807129 0.155125 | -175.407 1566.03
15.5136 -69.1097 | 0.443488 -0.806485 | 1.59162e-12 9.09495e-12
-20.3847 -42.9795 | -1.38052 -0.467384 | -278.419 -192.376
48.1909 -3.59761 | 1.10292 -0.427487 | 87.8391 317.061
-3.12712 73.7941 | 0.163828 0.414317 | -3.52429e-12 1.36424e-12
-37.3777 -63.8961 | -0.401206 -1.12438 | 4.43379e-12 -3.97904e-12
-68.8848 42.1777 | 0.50503 1.09418 | -5.00222e-12 -2.04636e-12
-13.1775 18.7317 | 0.395581 0.388864 | -878.164 5880.49
3.02225 -96.9531 | 0.49326 0.130169 | -1.59162e-11 0
37.0526 21.921 | 0.544949 0.588888 | -72.2634 526.212
-67.5626 -30.6819 | -0.852638 -0.329356 | -414.186 1121.4
-48.4921 25.0922 | -0.113203 -0.159475 | -117.995 -127.021
-47.3648 -28.1829 | -0.498692 -0.131255 | 1966.06 -3134.76
-2.48751 49.156 | -0.162553 1.23731 | -7.27596e-12 5.00222e-12
73.8222 -45.4133 | 0.666076 -0.265144 | 0 3.63798e-12
64.1402 51.5211 | 0.100929 0.984935 | 674.049 -567.732
-7.77157 -3.69245 | -0.376915 0.155066 | -1.81899e-12 5.45697e-12
83.4931 20.0977 | 0.0983971 0.751151 | -1.45519e-11 -4.54747e-12
24.7366 91.188 | 0.106979 -1.04793 | 5.45697e-12 1.86446e-11
11.1318 -60.2562 | 0.150717 -1.27329 | 0 1.13687e-12
22.5177 79.8642 | 0.594787 -0.390176 | -643.325 -356.273
-78.53 -3.83438 | -0.760362 0.028438 | 175.407 -1566.03
2.56077 -90.3895 | -1.34835 0.571941 | -1.20321 -1.66274
-61.3335 -43.5451 | -0.230669 -1.42746 | -3.46745e-12 -1.93268e-12
-19.2452 40.2254 | -0.124243 1.1302 | -86.8703 -331.41
-35.5811 64.2602 | -0.389455 3.10797 | 6.82121e-13 6.82121e-13
-24.2746 -84.5815 | -1.34821 -0.546673 | 2.72848e-12 -3.63798e-12
63.7836 1.40232 | 0.774854 -0.186532 | -3.18323e-12 -6.36646e-12
24.4858 57.5263 | 0.774535 1.41134 | -674.049 567.732
-67.8487 -51.3144 | -0.527682 -0.476911 | -1.72804e-11 -8.98126e-12
-85.7985 24.3582 | -0.204578 0.853608 | -1.18234e-11 -6.36646e-12
-27.0475 -91.0931 | -0.936349 -0.41986 | 1.81899e-12 1.00044e-11
-2.86315 -6.27986 | 0.829394 0.65304 | 186.388 1283.74
45.1505 -32.3431 | 0.491686 -0.780646 | 1.67688e-12 1.25056e-12
-52.798 73.4194 | -0.73065 -0.620372 | 83.4709 -1918.13
-40.1571 -78.6374 | -0.0339745 -0.154728 | -1.36424e-12 2.00089e-11
-66.0658 -61.7553 | -0.261726 -0.842823 | -9.20001 62.1133
7.30474 -38.8262 | -0.22107 -0.424128 | -99.4699 423.659
3.99201 -41.1033 | -0.232352 -0.666992 | 880.791 -1082.8
-53.3377 -57.0108 | -0.478796 -1.60332 | -1.00955 -2.61969
-71.7161 -9.52155 | 0.111369 0.345366 | 1.00044e-11 7.27596e-12
23.2853 -78.6004 | -0.0777857 -2.1486 | 9.09495e-13 2.95586e-12
24.1712 -50.5695 | 0.531913 -0.305301 | 0 2.27374e-12
24.3236 -16.1936 | 0.589527 0.312737 | 6.41979 -328.642
7.88146 34.3827 | -0.091687 0.289837 | -235.337 -410.715
-53.6032 -67.9131 | 0.980354 -0.380121 | 9.20001 -62.1133
36.2859 2.98831 | 1.45527 0.23426 | -151.133 245.995
54.5774 -28.0215 | 0.433029 0.24744 | 4.77485e-12 -4.54747e-13
9.61631 22.618 | 0.0470761 -0.983269 | 181.999 -375.161
38.9128 -7.07992 | -0.239891 0.267352 | 63.2943 -563.056
-10.5554 -12.623 | 0.268734 -0.157117 | -507.456 378.622
43.0396 -18.7839 | 1.02171 -0.1928 | -1.09139e-11 2.10321e-12
-16.9088 -18.3764 | -0.41248 0.488697 | -1234.86 409.295
-58.3005 33.4418 | -0.613808 0.921431 | 3.63798e-12 -6.44462e-12
34.9691 69.5867 | 1.24116 1.05243 | 1.47793e-12 2.50111e-12
-29.2485 -4.76137 | -0.125374 -0.0460656 | -2.50111e-12 -3.63798e-12
41.0297 -85.434 | 0.393554 0.371418 | 420.473 -1267.26
56.3573 -71.1925 | -0.617014 0.201144 | -419.27 1268.93
-28.1885 -25.6866 | 0.73479 -0.0448776 | 1.36424e-12 2.50111e-12
-55.7507 20.4163 | -1.01681 0.535982 | 1.7053e-12 -6.0254e-12
-62.9703 72.1111 | -0.271189 -0.0686061 | -862.868 3448.13
-51.5732 55.0038 | -0.0619638 0.904156 | 866.267 -1198.59
-69.7423 -22.525 | -0.0031134 0.280847 | 7.81597e-12 6.13909e-12
38.9937 -60.4033 | -0.15658 -1.46588 | 2.27374e-13 -9.09495e-13
71.4981 -59.0033 | 0.898303 0.993258 | -8.18545e-12 -6.82121e-13
-22.5269 5.38713 | -1.28128 0.0618203 | -2106.63 -2992.94
-66.4218 -37.8488 | 0.287482 -1.14418 | 1.31877e-11 -6.82121e-12
