-52.4674 -4.4907 | 0.207584 0.665052 | -89.6402 31.6168
-34.6923 -45.22 | 0.394077 -0.313178 | 3.18323e-12 -5.68434e-12
9.89006 -51.3667 | 0.38819 0.212613 | -68.983 -539.431
0.0428053 35.5971 | 0.586535 0.0247347 | -427.629 -501.133
-62.2763 -62.0105 | 0.22472 0.267969 | 287.864 233.218
-63.3672 -39.8335 | -0.124224 0.254493 | 2.61838 15.4792
-18.5349 -22.9242 | 0.0274294 0.036196 | -1.81899e-12 2.27374e-12
-35.8278 35.1896 | 0.130712 -0.58963 | 236.248 -1021.64
13.3829 80.6877 | -0.741455 -0.0522438 | -468.591 -515.537
-13.3837 -75.6243 | -0.195473 -0.107209 | 70.9299 253.476
-0.764699 -80.5275 | -0.0447642 -0.803928 | -9.09495e-13 -9.09495e-13
49.8778 16.6882 | 1.09766 -0.405175 | 1.36424e-12 2.27374e-12
-18.9871 -41.7737 | 0.664982 -0.083593 | 2.72848e-12 1.18234e-11
21.2946 -62.4381 | -0.188227 0.53786 | 1133.62 2525.33
-80.2472 26.6837 | 0.12013 0.448455 | -130.589 145.347
-58.6869 17.0645 | 0.330324 -0.274682 | -825.752 1824.35
-46.8597 15.1318 | 1.31675 0.249053 | 4792.76 -875.739
82.8954 35.1222 | -0.172507 -0.706 | 5102.34 735.056
45.4012 10.263 | -1.29429 -0.565582 | 358.761 -579.802
-12.3613 29.7119 | 0.767986 0.228611 | 4.54747e-12 -6.53699e-13
58.0394 -23.5595 | 0.0894064 0.61346 | 168.378 681.121
-15.4411 -93.3789 | -0.175521 -0.11505 | -1847 -2300.65
28.3677 74.3951 | -0.439129 -0.861563 | 81.3169 178.341
49.5353 38.483 | -0.247009 -0.796307 | 7.04858e-12 9.09495e-13
-21.8992 83.9089 | -0.371027 -0.430327 | -2536.51 2297.72
9.96781 -39.9046 | -0.530623 -0.142957 | 0 9.09495e-12
53.0336 -0.150496 | -0.730677 0.39705 | 1.18234e-11 9.09495e-12
-27.0242 -30.3244 | -0.832105 0.583205 | 9.09495e-13 4.54747e-12
70.3611 -3.13056 | -0.389703 0.410182 | -8.86757e-12 3.80851e-12
24.8292 87.1015 | 0.276804 0.185034 | -1113.72 1625.71
-33.1161 51.9045 | -0.09016 0.169441 | 190.906 -1840.42
-28.8657 -17.3853 | 0.389479 0.300757 | 23.2804 134.933
-0.665193 -66.0155 | -0.691523 0.296592 | -462.353 -828.425
-19.4534 57.9904 | 0.00300051 0.203134 | 132.512 686.19
-54.7777 13.6383 | 0.222236 -0.0831993 | -4741.35 -1369.34
9.79876 -26.3584 | -0.78395 0.0247339 | 27.8483 -55.1183
25.6463 -30.3805 | -0.358456 0.875557 | 0 1.36424e-12
-74.4722 -31.3958 | -0.372811 0.757048 | -5.45697e-12 5.45697e-12
21.0401 -82.2108 | -0.368857 -0.0273881 | -1221.89 1763.33
45.1641 -73.7014 | -0.614561 -0.0549422 | -14.3467 53.8378
20.2595 73.7186 | 0.0467241 0.172712 | -395.897 1732.13
-2.42254 -77.8407 | 0.202263 -0.190845 | -70.9299 -253.476
-9.06263 -49.5452 | 0.841193 -0.59173 | -5.45697e-12 7.04858e-12
-71.6907 8.55898 | 0.300392 0.215633 | 774.342 420.73
-65.1313 63.491 | -0.0840275 0.277094 | 4.54747e-12 -8.86757e-12
40.4544 -17.4444 | 0.0890365 0.149308 | -82.1817 1528.97
-49.5043 -76.284 | 0.49285 -0.260988 | -5.45697e-12 9.09495e-13
12.7738 0.208407 | 0.071868 0.289081 | -7.27596e-12 7.7307e-12
3.62982 37.891 | 0.153463 0.0447001 | 427.629 501.133
6.44665 43.8428 | -0.27409 0.742557 | 6.25278e-12 -2.84217e-13
24.781 18.7184 | 0.390634 -1.04398 | -6.36646e-12 -1.13687e-11
7.90019 51.7354 | 0.926071 -0.270016 | -85.3329 -122.37
-22.4458 78.3206 | -0.759651 -0.114958 | -7.32046 -21.497
-75.8242 -38.417 | 0.283125 0.537363 | 0.688547 -43.5066
20.7124 50.9369 | 0.00227333 -0.403507 | -155.169 342.835
30.7814 -87.7533 | -0.0618076 0.41369 | 1166.24 -1580.36
-41.4419 -10.6072 | 0.0371315 -0.33765 | -251.863 94.1947
-18.5568 55.8979 | 0.87484 -0.524806 | -336.456 1037.69
-67.5878 -50.4215 | 0.0639263 0.667267 | 63.0975 -393.398
-17.5116 -11.6107 | 0.818481 0.509326 | 82.2397 -736.264
54.7067 -50.5266 | -0.188994 -0.137488 | 69.8698 251.003
7.9243 -10.3493 | -1.20253 0.154312 | 93.0939 -112.231
43.6278 -4.20017 | -0.362105 -0.580008 | -257.38 -499.451
37.5651 -51.79 | 0.0579338 0.109647 | -879.624 573.593
46.6993 -61.5875 | 0.217352 -0.259284 | -9.09495e-13 0
-1.18729 51.7196 | -0.149763 0.104602 | 302.228 39.0809
-24.3335 -63.4312 | 0.00617307 -0.577483 | 7.27596e-12 -3.18323e-12
21.7091 -43.654 | 0.312945 0.181551 | -5.91172e-12 -4.54747e-12
-0.251291 30.6029 | 0.891093 0.409469 | 4.54747e-13 1.02318e-12
17.6173 -91.1215 | 0.527683 -0.0451741 | -55.0081 -383.879
46.5978 -23.9912 | 0.411625 0.853317 | 2.16005e-12 5.00222e-12
-57.117 4.60386 | 0.379994 0.0376367 | -4.66087 30.174
49.0356 -79.7495 | 1.16091 0.374745 | 1450.21 -1973.17
58.014 12.6116 | -0.760169 -0.0585456 | -331.147 622.788
-44.7926 28.1695 | 0.278952 -0.608796 | -233.017 -4753.55
66.3289 -65.1451 | -0.274341 0.0404304 | 139.58 -60.5892
12.3995 -36.7902 | 0.107468 -0.55133 | 6.36646e-12 6.19593e-12
42.3812 -45.2099 | 0.172697 0.639322 | 10.7591 -16.0675
-66.0125 -24.643 | -0.0129421 -0.0729613 | -1333.14 -753.221
35.5319 -13.4175 | -0.895938 0.133826 | -344.291 -1375.59
47.9791 -59.1539 | 0.0397122 -0.00373938 | -1919.1 -3835.14
67.8788 69.0024 | 0.625041 -0.125915 | -9.09495e-13 9.09495e-12
36.4846 42.1112 | 0.128463 -0.629367 | 155.169 -342.835
30.6144 65.0646 | 0.671628 0.189082 | 2375.91 795.621
-50.5953 -7.25032 | -0.439759 0.840917 | 317.811 287.685
-25.0516 -70.4772 | 0.220848 0.0653009 | 0 4.09273e-12
49.7472 3.15749 | 0.129876 0.323228 | 286.169 -356.57
-60.3667 -43.1399 | -0.368633 -0.0294689 | -3.30692 28.0275
-69.9102 16.7772 | 0.138344 -0.507894 | -8.18545e-12 -1.59162e-12
-19.9478 51.1833 | -0.38431 -0.334995 | -71.9956 -113.046
-43.2027 68.581 | -0.277649 -0.576614 | 1.81899e-12 -1.44951e-12
-63.2915 -21.5366 | -0.0838805 0.615964 | 1107.03 500.716
1.33944 91.5241 | -0.148964 0.251035 | 129.02 1316.42
-19.8302 86.6355 | -0.436511 -0.432435 | -129.579 -1317.82
62.6618 15.3244 | -0.117511 -0.94045 | 9.09495e-12 1.81899e-12
-4.24455 -84.0276 | 0.288674 -0.23964 | 6.82121e-13 -5.00222e-12
32.2341 76.761 | -0.148055 -0.0608626 | -1.81899e-12 4.77485e-12
59.8485 45.3152 | 0.361637 0.37123 | 760.199 363.938
81.7701 -15.1958 | 0.204598 0.504327 | -1676.31 2661.07
-58.0846 -59.8941 | 0.355582 0.307514 | 7.10543e-12 -1.81899e-12
-58.2989 -67.1227 | 0.332831 0.411334 | -287.864 -233.218
-57.3388 -48.3071 | -0.330001 0.854109 | 8.29914e-12 4.54747e-13
28.7695 82.313 | -0.64105 -0.439497 | 1260.09 -1524.39
8.06007 12.5322 | 0.917093 -0.396611 | 4.54747e-12 -8.18545e-12
-43.4769 62.692 | -0.211758 -0.829876 | -380.593 -1295.6
45.365 -46.2949 | -0.0879182 0.730908 | 28.7377 40.5252
-9.24052 -4.73557 | 0.576607 -0.18098 | 108.469 413.173
42.0351 31.6285 | -0.205083 -0.235166 | 9.09495e-13 8.6402e-12
32.5214 30.0177 | -1.01532 -0.228752 | -57.2942 -252.408
5.84174 87.8124 | 0.280022 0.497184 | 2547.61 -2274.91
16.3847 -28.5497 | -0.259206 -0.189379 | -7.27596e-12 -1.02318e-12
-56.2684 56.4751 | -0.298841 0.0060073 | 859.287 -1284.82
-33.6578 41.0662 | -0.0930879 -0.844824 | -456.19 574.868
-52.8794 4.00529 | -0.20463 0.0736187 | 90.125 578.712
67.8687 54.6696 | -0.402256 -0.692122 | 258.226 119.863
68.7316 -34.0953 | 0.398366 0.737442 | -1.22782e-11 -4.54747e-12
35.9223 5.25072 | -0.49812 0.0231693 | -286.169 356.57
49.7421 52.8594 | -0.930126 0.0435392 | -4.54747e-12 1.81899e-12
71.7344 -30.4603 | 0.519161 -0.121772 | 152.785 -190.91
4.38537 -87.0094 | 0.312631 -0.13184 | 478.549 -1466.81
23.733 69.6301 | 0.905332 0.0912969 | -1522.37 2094.5
-2.0861 -71.6811 | -0.354096 0.218922 | -9.09495e-13 2.72848e-12
11.1208 -93.5952 | 0.496918 -0.233109 | 1916.41 2791.57
63.8664 -43.3553 | 0.583382 0.488334 | 544.458 -323.847
-27.5059 12.2307 | 1.74193 -0.0664516 | 5.45697e-12 4.54747e-13
-54.7223 -10.7411 | 0.861856 0.592021 | -169.027 -87.6701
-10.1803 61.6296 | 1.0431 -0.949371 | -29.8038 -138.345
83.9054 17.9822 | -0.33955 -0.107682 | -2047.23 -2092.59
50.4771 32.3705 | -0.572776 -0.221952 | 8.18545e-12 6.0254e-12
-30.7835 69.3302 | -0.115429 -0.308797 | -172.431 2173.96
-56.0877 43.7758 | 0.509738 -0.576882 | -75.6933 382.215
-54.0948 46.4889 | 0.37496 -0.468087 | 2.72848e-12 -5.00222e-12
68.3089 62.1716 | -0.166181 -0.316609 | 2.54659e-11 -1.54614e-11
59.6329 -51.8246 | 0.116294 -0.066919 | 226.46 1026.24
-52.8038 76.9857 | 0.182759 -0.406141 | -11.0932 -22.815
83.5942 30.7154 | 0.0447242 -0.593199 | -3055.11 1357.53
6.10026 -57.9099 | -0.484554 -0.471203 | -1480.51 990.392
4.80062 94.782 | -0.805364 0.0498208 | -2.61857 -6.8269
0.00875715 24.3782 | 0.100914 0.351773 | 4.54747e-12 3.86535e-12
29.535 -71.3769 | -0.498386 0.0420101 | -2.41585e-13 5.91172e-12
55.9476 42.3746 | -0.628819 0.401894 | 206.312 207.236
63.5987 -46.185 | -0.151197 0.54455 | -6.22001 -68.469
-8.34393 96.3328 | -0.313409 -0.098017 | 3.17805 8.23451
77.5308 -9.57559 | -0.394997 0.0474802 | 348.851 1363.22
27.2694 -69.0697 | -0.307902 0.153644 | 1.09139e-11 -3.63798e-12
56.8705 38.479 | 0.334967 0.00387151 | -516.358 -405.363
58.4417 8.52164 | -0.313574 -0.524051 | -27.6147 -42.9858
-54.5882 -33.979 | 0.208421 -0.49484 | -418.954 -252.783
40.9815 29.2481 | -0.729102 -0.441227 | 57.2942 252.408
-72.8066 -7.76822 | 0.322654 0.578424 | 110.156 439.542
-20.1587 91.9904 | 0.0319284 -0.820142 | -1.45519e-11 3.63798e-12
-0.654413 16.3576 | 0.512659 0.166399 | -3.63798e-12 -5.45697e-12
64.1461 -53.1327 | 0.883661 0.30453 | -772.343 855.483
-50.7218 74.8356 | 0.345524 -0.236625 | 8.8537 29.8402
63.3222 -0.736042 | -0.898765 -0.288727 | 257.38 499.451
-12.5608 77.0167 | -0.295562 0.271367 | -281.046 432.774
-59.8808 50.1989 | -0.148336 -0.22251 | 333.159 34.7827
28.885 63.0039 | 0.871031 -0.0320935 | -1614.52 -3486.67
-39.4152 61.6239 | 0.256829 -0.545721 | -748.349 1358.38
-22.2628 5.23273 | 1.02104 0.224135 | 144.121 754.737
32.6337 -20.0067 | 0.120809 0.309272 | 54.3334 -1473.85
36.2071 84.4898 | -0.396634 0.0642687 | 320.689 405.883
7.52627 67.6514 | 0.659886 -0.217058 | 519.097 812.021
5.35567 -50.7426 | 0.0637585 0.552162 | 58.2238 555.498
-45.593 64.5879 | -0.666699 -0.298833 | 170.429 814.589
-76.839 17.3773 | -0.057651 -0.0656481 | 9.09495e-12 1.09139e-11
-27.1279 -86.4285 | -0.0045851 -0.268882 | 1488.56 2152.3
-35.2105 -82.3617 | -0.199418 0.262541 | 0.177873 -14.8049
26.802 60.5558 | -0.193546 0.310191 | 94.001 66.4921
-4.27216 -96.1002 | 0.180354 0.958776 | 14.3932 -667.256
9.93037 72.6677 | 0.989601 0.646247 | 897.087 -3971.4
-64.2457 27.873 | 0.546673 0.144787 | 476.914 4493.2
-77.0113 25.9858 | 0.130908 -1.07836 | -113.309 114.993
63.6847 40.5694 | -0.27971 -0.263553 | -450.153 -165.811
66.5417 -23.6447 | 0.0767808 0.759496 | 262.701 -2752.56
36.3256 -73.0865 | 0.544192 0.556144 | 3.63798e-12 1.23919e-11
-69.5409 39.2016 | 0.767509 -0.478278 | 379.872 392.292
-65.6392 41.315 | 0.0538073 -0.78907 | 1.68318 -37.957
-6.92796 -61.8284 | -0.75296 0.565787 | 1767.41 -463.639
55.9072 -71.6772 | 0.419814 -0.0935372 | 1220.59 -828.128
-77.6593 -42.3242 | -0.319353 0.449823 | -63.0975 393.398
76.4756 -25.297 | -0.0426587 0.839551 | 1.81899e-12 3.27418e-11
2.28379 -55.3852 | 0.622116 -0.424823 | 175.447 301.672
75.7298 51.7424 | 0.11712 -0.645015 | -3.91083e-11 -1.81899e-11
-60.7081 -1.16 | 0.032539 -0.0833556 | -261.525 -1022.49
7.78032 31.809 | 0.907369 -0.697036 | 1.36424e-12 2.27374e-12
-54.1937 70.2766 | -0.502545 0.736484 | 1.27329e-11 0
-71.6344 -30.1545 | -0.620047 -0.143825 | -2.84217e-12 5.45697e-12
-56.6485 -30.5753 | -0.330602 0.679572 | 475.766 -165.885
-44.2427 -22.0974 | 0.319893 1.0124 | -23.2804 -134.933
3.889 -18.5508 | -0.880456 0.099636 | 3.63798e-12 -9.09495e-13
81.027 -19.644 | 0.0634669 0.422655 | 1109.99 -428.025
-66.1285 -65.8685 | -0.377419 0.288898 | 25.0287 71.3652
74.5677 -6.18674 | -0.442894 0.609668 | -22.1062 41.6639
-52.3056 54.8118 | 0.487122 -0.174363 | -256.402 258.234
63.8765 55.3216 | 0.250741 -0.180301 | -25.0139 -279.456
39.776 -83.6166 | 0.0641665 0.442667 | -1673.77 3622.19
-19.4077 -89.2951 | -0.00272432 0.0292727 | -1488.56 -2152.3
-55.2731 -72.16 | 0.0156707 0.278993 | -25.0287 -71.3652
-78.3452 32.8723 | 0.349826 -0.0164207 | -379.872 -392.292
