-27.2884 -48.0015 | -0.0554857 -0.959227 | -4.03588e-12 -3.18323e-12
-17.6685 40.1742 | -0.303347 0.198961 | -2014.94 -2524.8
35.0096 -24.4353 | 0.3159 0.392996 | 50.1986 99.5638
-58.5199 -16.6537 | -0.253812 -0.604365 | -5.91172e-12 -1.7053e-12
-26.5565 -27.549 | -0.00770105 0.419369 | -2.72848e-12 6.82121e-13
-25.1549 -90.6515 | -0.992695 -2.58811 | -141.964 359.531
40.3029 -5.03336 | 1.62579 -1.04093 | -7.95566 -20.5706
-33.5724 -20.6775 | -0.669045 -0.107427 | -1.36424e-12 2.27374e-12
53.8337 74.2348 | -0.487224 0.943069 | -3.63798e-12 -3.18323e-12
-68.4552 22.3504 | -0.889836 0.494201 | 708.412 1034.94
2.29726 92.5769 | -0.181122 -0.15889 | -1568.04 1244.57
-12.5699 13.6437 | -0.0927492 -0.7854 | 23.1128 -83.0229
8.7455 -48.4783 | 0.716139 0.159217 | -2.64322e-12 -3.06954e-12
-57.6413 -0.0914785 | -0.714043 -0.470424 | -13093 14907.5
10.3134 88.6664 | 0.479554 0.0105255 | -301.515 -4437.22
-77.7028 25.5517 | -0.366791 0.505873 | 3.63798e-12 -5.91172e-12
-83.0951 -16.8712 | -0.744717 -0.389032 | 9.09495e-13 -2.38742e-12
21.6627 46.5933 | 0.252887 0.0350569 | -240.856 1219.11
38.9348 30.4127 | -0.280045 0.411164 | 1002.23 -1301.19
79.5807 8.57691 | 0.929703 -0.609022 | 1118.97 -3335.59
39.5376 -17.922 | 1.4155 -0.404455 | 16.3868 -222.884
-36.2283 -3.80799 | -0.612804 -1.12709 | 98.5401 -39.3464
33.8762 21.8273 | 0.983313 0.448692 | -60.5542 317.128
40.1113 -36.0337 | 0.519016 -1.02693 | 0 4.54747e-12
24.1704 -45.5256 | 0.959207 -0.441993 | 5.68434e-14 8.18545e-12
-21.4286 -35.2899 | 1.54281 -0.341346 | 0 2.95586e-12
-13.7272 -5.3769 | -2.14025 1.90187 | -953.396 -4936
-70.4305 0.790444 | -1.3293 0.840246 | -2.27374e-12 8.41283e-12
1.79798 -20.5335 | -1.1239 0.0138927 | -50.1986 -99.5638
56.5682 -18.4706 | 1.53063 -0.852344 | -7.81924 -19.0624
-10.2555 -35.3749 | 0.241694 -1.17953 | 4.54747e-13 1.81899e-12
-50.3361 -9.70904 | -1.74749 -0.669532 | 1.13687e-12 -1.40972e-11
-12.2648 2.96504 | 1.63389 -0.912195 | 316.942 505.839
43.7364 -2.49243 | -0.00673848 -0.401849 | 1348.88 -2102.44
7.96956 19.624 | -0.596677 -0.164804 | 62.7438 -322.299
-7.2476 76.9646 | -0.128803 1.16114 | 1.81899e-12 -4.77485e-12
-7.90181 95.8939 | -0.266367 0.467607 | 1869.55 3192.65
18.16 52.4764 | 0.375297 0.86242 | 1361.02 -559.348
-58.9976 59.5302 | 0.317136 1.126 | 5.00222e-12 -2.72848e-12
-2.74951 -26.6993 | -0.0531214 -0.000500145 | 3.63798e-12 4.54747e-13
-67.6023 42.5126 | -0.747496 0.832665 | -2.27374e-12 0
-31.7285 43.5099 | 0.192534 0.781719 | 2.72848e-12 1.36424e-12
57.827 -0.444467 | 0.320114 -0.727169 | -1340.92 2123.01
-71.0482 -43.0019 | -0.965749 -1.7538 | -9.09495e-12 9.09495e-13
71.6025 49.4014 | 0.810558 1.06516 | -5.22959e-12 1.13687e-12
47.8319 10.2083 | 1.01267 0.397095 | -5.57001 -158.352
-43.8695 11.121 | -0.426936 -0.533924 | -5.91172e-12 -8.75389e-12
36.541 47.5857 | 0.109946 0.828241 | 240.856 -1219.11
58.5882 -32.8979 | 1.07736 -1.44221 | 2.72848e-12 -2.27374e-13
-66.8033 -56.5934 | 0.235963 -0.78142 | 1.45519e-11 -7.7307e-12
24.2802 34.5554 | 1.5036 -0.259818 | 341.544 -417.947
71.5091 26.6681 | -0.602226 0.0343126 | 9.09495e-12 4.09273e-12
-46.2908 25.735 | 0.153741 0.335104 | -4.03588e-12 2.27374e-12
5.48061 29.4286 | -0.262427 -0.414124 | -1002.99 1299.77
-14.3756 16.9816 | 0.077969 0.214567 | -23.1128 83.0229
-1.1109 -92.4293 | 0.144137 -0.615791 | 167.214 -363.138
29.9629 39.0352 | 0.389128 0.787126 | -341.544 417.947
23.8092 -91.0427 | -0.0460584 1.35077 | 5.72205 -20.6063
-1.64726 -54.9762 | 0.0500422 -0.831276 | -0.488129 6.81685
4.66502 -12.6426 | 0.637968 0.507277 | -25.4951 211.997
-44.1519 -17.4712 | -1.19978 0.257415 | 3.80851e-12 1.3074e-12
-37.2846 55.8916 | -0.761274 1.69141 | -1.36424e-12 -3.29692e-12
38.392 -72.6031 | 0.816277 -2.10117 | 1.76679 -38.2205
-63.442 -26.5389 | -1.45871 -1.31344 | -1.13687e-12 4.20641e-12
63.3253 18.2941 | 0.786876 -0.539658 | -244.909 404.543
38.7164 -41.9956 | 1.92479 -0.669926 | 7.38964e-13 -2.95586e-12
-63.281 13.1809 | 0.355284 0.367653 | -708.412 -1034.94
43.0187 5.57535 | -1.03884 0.153813 | -2.27374e-12 -9.02389e-13
-4.44024 0.255002 | 0.465736 0.49455 | 100.932 5229
16.7173 82.9542 | 0.342615 1.26481 | 3.18323e-12 4.26326e-12
-64.9081 -7.00077 | -1.10027 0.0554133 | 13069.7 -15012.7
11.5834 11.3013 | -0.338803 -0.71252 | -1367.69 1932.35
-15.849 24.4095 | 1.53882 0.78349 | -2.18965 5.1708
56.1427 -8.21231 | 2.26267 0.563686 | -3.41061e-13 -5.45697e-12
-40.2839 43.7247 | -0.843387 0.603213 | -9.09495e-13 2.50111e-12
10.2982 0.334906 | 1.03497 0.730914 | 1837.05 -2575.7
-38.5643 -57.9797 | -0.486739 -1.63451 | -326.233 280.87
7.49061 52.0534 | 0.422552 0.782524 | 653.924 3084.15
-24.1228 -61.1368 | -0.91444 -0.531364 | 326.233 -280.87
67.6781 15.8121 | 0.53212 -0.210032 | -868.491 3089.4
-15.6661 65.3787 | 0.286039 0.592022 | -4.77485e-12 -6.36646e-12
-39.0722 33.3104 | -0.506911 0.666159 | 0.755384 1.41567
-20.0745 -71.2966 | -1.18371 -1.55728 | -1.36424e-12 -3.29692e-12
-25.1638 65.7455 | -1.21032 1.82686 | -1.13687e-12 -1.7053e-13
16.6107 68.5158 | 0.761521 1.57803 | 6.08225e-12 0
28.3661 -65.0436 | 0.870663 -1.51318 | -1.27866 31.4036
80.0096 -17.5035 | 1.1637 -0.846218 | 7.81924 19.0624
-46.4393 22.2008 | -0.846893 0.488552 | 0 5.45697e-12
-46.8635 -72.7179 | -1.36534 -2.28395 | -9.09495e-13 1.36424e-12
-8.01391 6.94236 | -0.707751 -0.532603 | -1.13687e-12 -3.86535e-12
53.1391 -58.3057 | 0.898766 -1.49645 | 196.505 71.1795
58.5155 38.6255 | 0.168549 0.53756 | -2.95586e-12 -4.54747e-13
29.3488 26.3964 | -0.214915 0.763474 | -1.36424e-12 -4.54747e-13
55.3935 57.1591 | 0.0232916 0.353736 | -1.81899e-12 4.54747e-12
-50.257 -32.8368 | -0.448457 -0.532637 | -1.81899e-12 4.43379e-12
-3.44396 63.6932 | 0.182764 0.881897 | -4.94538e-12 2.65743e-12
26.2269 -54.4755 | 0.971416 -0.896908 | -196.505 -71.1795
-48.9087 41.6714 | -1.06421 1.41563 | -2.04636e-12 -9.09495e-13
-47.8207 76.0717 | 0.520769 0.506866 | 0 1.81899e-12
-39.0045 -85.1753 | -0.602331 -1.34778 | -30.9727 24.214
