-54.1346 -35.8198 | -0.136134 0.191541 | 124.354 152.967
42.35 -76.0147 | 0.6847 0.216908 | 92.3967 153.399
-13.4742 62.5659 | -0.291339 -0.016241 | -413.821 1567.01
-17.2821 -14.5868 | 0.309488 0.0223755 | -1.81899e-12 -5.45697e-12
-56.4241 12.5593 | 0.0171381 0.0032995 | 29.8135 -157.659
-43.4785 51.3424 | -0.74481 0.194694 | 368.434 3754.39
57.7515 39.4469 | -0.875942 0.0361301 | -484.101 1237.81
14.029 22.3025 | 0.0671297 0.693912 | 659.474 1017.77
-73.833 35.9487 | -0.546364 -0.00201676 | -1269.76 791.36
-74.3178 25.4103 | 0.0852965 0.124971 | 42.5983 -29.5552
3.81914 -58.6087 | 0.137807 -0.212757 | -10.661 62.1674
9.71069 -45.5383 | 0.58561 -0.0286119 | -603.88 1261.72
60.2015 33.2733 | -0.0956085 -0.254465 | 80.1912 -923.434
-21.2562 -88.2728 | 1.01014 0.115043 | 9.09495e-13 5.45697e-12
-33.1296 -75.2804 | 0.629022 0.329125 | 0.867769 380.493
-78.2872 28.3921 | 0.234686 0.563144 | 434.83 -140.305
0.589716 -61.4157 | -0.382082 -0.768552 | 10.661 -62.1674
32.0075 61.1158 | 0.236588 0.464972 | 44.0451 -36.8204
-41.527 59.6932 | -0.131651 -0.902605 | -635.561 2697.91
49.0464 -20.2936 | -0.433064 -0.386699 | 2.27374e-13 9.32232e-12
39.3569 -56.9012 | 0.277088 -0.0910547 | -1.18234e-11 -9.09495e-13
30.5256 -80.6937 | 0.128329 -0.661311 | -585.66 -1202.13
15.3633 72.2443 | 0.885933 1.12543 | 4.88853e-12 9.09495e-13
-18.463 -25.3255 | -0.243946 -0.981382 | 322.344 484.349
66.0786 -31.8142 | 0.0821979 -0.0373774 | -38.4326 47.7439
-49.1533 62.6355 | 0.262787 -0.830872 | -6.51324 -133.508
-13.2388 -41.8086 | 1.00307 -0.436506 | 70.1088 -179.719
70.5469 -15.0528 | -0.462967 -0.0613874 | -392.943 -354.722
15.989 -57.5546 | 0.440019 0.186736 | -1.09874 -276.892
-47.8722 78.5209 | -0.24719 0.494553 | 640.109 1573
24.7435 -9.94699 | 0.34505 -0.669194 | -124.101 4088.65
-57.2533 76.1721 | -0.402291 -0.707087 | 1074.97 -136.74
6.71369 19.9982 | -0.522307 -0.494917 | -1413.41 227.063
35.0966 29.7128 | -0.785362 -0.402858 | -356.295 -1548.25
-75.4691 44.1255 | -0.445715 -0.355731 | -133.817 -2459.51
44.862 -72.2386 | 0.323803 -0.146273 | -749.218 -1637.72
14.9441 -75.4757 | -1.18606 0.364368 | 230.519 471.045
46.7588 64.4515 | 0.579484 -0.14905 | -331.945 -4720.26
51.5057 42.5325 | 0.5607 0.196252 | -1.36424e-12 6.82121e-12
-63.394 -52.7949 | -0.702424 -0.55358 | -166.603 367.016
-19.5558 71.9522 | 0.0969587 0.00960545 | 143.58 -154.273
6.55981 31.4909 | -0.497073 0.381509 | 758.46 1664.82
76.5744 -4.98409 | -0.446308 -0.223147 | 467.667 -834.736
-2.09092 -44.388 | 0.549026 -0.800799 | 3.63798e-12 -6.82121e-12
-9.67837 -82.8427 | -0.512179 -0.493463 | 461.196 -3463.02
-9.62568 80.4759 | 0.835971 -0.0721154 | 8.41283e-12 1.36424e-12
15.2679 95.6276 | 0.833963 0.596933 | 180.411 372.567
-19.2872 33.7899 | 0.242453 0.533731 | 40.4504 167.762
17.7115 36.4048 | -0.0464033 -0.0120222 | -309.217 -937.85
49.574 3.57115 | -0.542436 -0.399373 | -5.45697e-12 -6.59384e-12
-20.6845 -90.341 | 0.146712 0.237509 | -97.4381 300.84
-13.5708 -8.77718 | -0.185882 0.0206232 | 4.54747e-13 -4.3201e-12
8.88252 -72.6305 | -0.965098 -0.202878 | 876.528 1086.99
-13.9396 -76.9811 | -1.1816 0.0148793 | 895.284 1518.76
-37.4026 -39.4911 | 0.0666786 0.0518557 | -124.354 -152.967
-1.56722 4.99392 | -0.302637 -0.143121 | -42.8595 -105.309
9.61765 61.4439 | 0.555271 0.169358 | -40.294 44.4412
19.1175 7.28144 | -0.14862 -0.168184 | 802.62 -1109.26
9.46001 18.1041 | -0.357645 0.526589 | 763.184 -1265.46
75.6997 3.72992 | -0.175553 -0.542319 | -6.82121e-12 -1.76215e-12
31.6227 68.6302 | 0.524634 -0.162924 | -337.691 367.579
-29.5884 -8.54477 | -0.253989 0.0725513 | 0 -6.36646e-12
-56.2916 39.1866 | 0.588964 0.348867 | 1024.16 -961.422
-29.0811 -68.1722 | 0.0905095 -0.299835 | -2433.23 3547.23
-50.3897 -47.8165 | 0.0888001 -0.567672 | -146.527 107.367
-51.8126 -43.4634 | 0.225483 -0.149465 | 759.63 1180.51
-50.4434 -58.0224 | 0.0189562 -0.492853 | 72.8662 -135.406
-73.0517 -5.29126 | 1.06942 0.0751319 | 1.81899e-12 -1.13687e-12
-64.77 19.4995 | 0.699808 0.114399 | -460.915 1768.85
38.7224 -49.4649 | 0.757214 -0.204681 | 1365.95 302.085
22.1699 84.7925 | 0.287989 0.259107 | 139.256 -380.788
-17.4632 76.6315 | -0.797096 0.802901 | 225.767 -199.909
70.3782 -11.393 | -0.996903 -0.160839 | 392.943 354.722
67.2765 -19.5006 | -0.213683 -0.0678315 | -3.63798e-12 -1.00044e-11
-12.4173 3.45409 | -0.0472716 0.144189 | 5.45697e-12 7.95808e-13
35.866 52.0056 | -0.80533 0.344476 | -108.909 -3112.73
-10.0337 57.0839 | -0.63702 0.226093 | 416.834 -1544.44
35.5206 -33.692 | -0.540974 -0.0858685 | 824.95 -3312.91
10.8617 -28.4402 | 0.707182 -0.786673 | 225.762 365.644
51.6392 36.0301 | -0.792531 -0.0983164 | 845.377 1424.46
72.9164 -40.3073 | -0.757565 -1.5752 | 38.4326 -47.7439
-45.7068 -29.9877 | 0.1301 -0.000940762 | 7.95808e-12 -6.36646e-12
0.554591 93.1967 | 1.27937 -0.433259 | 3.27795 -18.4542
43.6702 -32.9446 | -0.55175 0.091091 | -824.95 3312.91
75.2871 -27.6944 | -0.0983936 -0.782295 | 1.18234e-11 -2.95586e-12
-20.9332 50.9704 | -0.0198922 -0.536673 | -245.592 -290.078
-2.76822 -0.670028 | -0.0104703 -0.630065 | -2269.08 4200.68
-76.0303 0.194745 | -0.06985 0.233997 | 497.885 -70.2761
-69.8275 -26.9646 | 0.448013 -0.457898 | 2703.08 -5628.98
48.3928 20.481 | -0.875581 0.34368 | 283.902 374.043
9.62868 43.6789 | 0.145282 0.0810491 | 274.829 393.53
-4.8342 81.8433 | 0.389903 0.378637 | 409.13 -909.413
69.2883 -43.4209 | -0.731182 -0.551406 | -1.27329e-11 -5.68434e-13
52.5068 -3.00452 | -0.536563 -0.476165 | 2.72848e-12 5.45697e-12
-40.4064 44.8353 | 0.770751 0.24803 | -8.64365 -27.4185
7.6218 -50.1411 | -0.129304 -0.266307 | -155.214 -540.523
25.2828 71.3779 | -0.0890744 0.376824 | -377.031 790.118
-62.1113 23.7322 | 0.507346 -0.197483 | 1.76265 -29.147
-40.1073 75.1115 | -1.23226 0.0981334 | 609.028 439.561
35.6546 -11.412 | -1.05953 -0.590965 | 124.101 -4088.65
-49.6639 -17.8778 | 0.615719 -0.793023 | -3.55571 30.5604
-77.7162 4.70039 | 0.622269 -0.72334 | 177.525 -555.622
-13.0239 43.2389 | 0.238853 0.136651 | 29.6848 -238.326
8.75358 13.3233 | -0.231766 0.152727 | -283.902 -374.043
-34.3194 16.9559 | 0.468537 0.379992 | 460.915 -1768.85
-57.2873 64.2377 | -0.0222634 0.209482 | -1403.05 683.899
-67.9533 -24.8064 | 0.618201 -0.0130403 | -2922.15 4550.75
-51.502 -71.5716 | 0.345759 0.349427 | 2288.77 -3389.49
-43.9851 71.6627 | -0.317818 -0.216222 | -436.076 -3393.41
22.1744 46.3534 | -0.631826 -0.0120362 | -28.2403 -99.8235
60.45 59.0286 | 0.989327 -0.755558 | -1.36424e-11 -2.72848e-12
38.5748 -37.5097 | 0.234464 -0.1434 | -5.45697e-12 -5.45697e-12
-3.73926 -31.2439 | -0.796288 -0.527057 | -36.2769 23.3466
27.7692 70.384 | -0.119478 0.0552916 | 377.031 -790.118
71.3718 19.3988 | -1.05206 0.242693 | -5.56838 5.58959
18.1837 -92.2802 | 1.10083 0.170122 | -458.104 -2433.58
76.2694 7.5989 | -0.29068 0.142257 | -6.36646e-12 -1.59162e-12
-86.1697 -6.78205 | 0.01613 -0.232303 | -497.885 70.2761
-44.6084 -75.0905 | -0.569312 0.340766 | 125.776 -128.995
48.6416 67.0276 | 0.0342679 0.0464589 | 682.488 4266.95
-65.3643 14.5389 | -0.627654 0.741138 | -29.8135 157.659
-9.7548 45.1264 | 0.259532 0.129537 | -57.486 166.704
-65.906 27.1303 | -0.564675 -0.17976 | -278.827 515.616
-40.2947 -10.4556 | 0.289382 0.0149794 | 6.36646e-12 -1.36424e-12
40.1257 -69.2921 | 0.133981 0.519962 | -109.492 141.49
-12.145 88.7005 | 0.749291 -0.411275 | -139.256 380.788
17.6104 -55.8692 | -0.122863 -0.728662 | 1.09874 276.892
48.6622 -63.7887 | 0.536637 0.266802 | 139.06 -169.027
-65.9785 64.4676 | 0.196543 -0.14672 | -47.4817 2583.7
-16.7225 -5.02712 | 0.627426 -0.469742 | 717.141 -1965.19
-1.17633 -63.6938 | -0.788958 -0.169247 | 1.00044e-11 4.13536e-12
-28.3157 -83.448 | 0.170321 -0.486598 | 74.0031 -142.776
-61.2608 -33.2443 | -0.192719 0.197544 | -816.085 -1620.27
63.8754 -46.7437 | -0.0708887 -0.0469439 | 22.1523 65.4323
3.70797 -5.37471 | -0.711371 -0.0194432 | 42.0493 171.325
-51.6014 -61.0875 | 0.185781 -0.868645 | -3794.81 4223.79
56.6508 68.7162 | 0.421039 -0.619528 | -12.8525 85.7255
-34.5478 57.7493 | 1.13437 -0.397003 | 651.162 -42.923
-59.7968 45.6469 | -0.56696 -0.378666 | -241.575 -3922.44
83.0523 8.5744 | -1.27483 0.518953 | -301.87 -1372.29
-26.1429 -78.649 | 0.128466 -0.629222 | -1410.46 -566.859
60.9585 -39.5841 | -1.24891 -0.321279 | -1.81899e-12 -3.12639e-12
69.2735 -7.88439 | -0.26499 0.284104 | -265.362 -1093.28
-70.6184 6.1456 | -0.531554 -0.560049 | -177.525 555.622
-11.6004 -93.729 | 0.0647486 -0.192664 | 283.615 149.242
60.8136 22.273 | -0.622432 -0.339093 | 123.731 700.642
0.619893 -82.0559 | -0.302731 -0.144575 | -43.0764 2579.64
25.0789 88.4702 | 0.0133027 0.407561 | -183.689 -354.113
1.6278 34.0418 | -0.519595 0.146214 | -25.1042 34.7434
-11.853 -21.8375 | 0.830459 -0.180743 | -210.059 138.311
52.6461 56.38 | 1.05468 -0.8291 | 137.496 3145.46
60.3462 -51.639 | 0.162992 -0.153174 | -1.96821 61.3451
-34.9364 62.0068 | 0.0496037 0.000527632 | -12.3963 -53.5174
-49.7542 -63.8386 | 1.69378 0.666712 | 2520.76 4110.53
-56.7606 -21.6603 | 0.879576 -0.782101 | -350.558 -391.449
52.1702 -65.5786 | 0.89513 0.718417 | 2.6148e-12 1.21645e-11
58.9244 -27.8635 | -1.04048 0.25419 | 0 6.36646e-12
55.9695 -55.6495 | 0.508834 0.761115 | -610.95 -1018.56
-84.3543 30.7539 | 0.504632 -0.358992 | -213.495 267.657
30.2833 -89.2868 | -0.603499 -0.659234 | -2073.02 -1387.07
73.1288 -50.464 | -0.307283 -0.626099 | -20.1841 -126.777
76.5347 16.8604 | -0.55674 -0.0257643 | 307.439 1366.7
-58.9605 -44.1098 | 0.978099 -0.12469 | -619.646 -1018.2
-74.4801 55.4434 | 0.0299577 0.177015 | -30.5733 240.046
32.1808 -87.2375 | -0.234701 0.229611 | 2359.84 3264.84
-68.8903 55.0172 | 0.951655 -0.285583 | 1440.13 -790.437
16.8777 -41.7547 | 0.711955 -0.680176 | -52.2761 -185.073
-9.57757 -29.4801 | 0.0802456 -1.43856 | 214.975 -321.547
44.7816 42.9517 | -0.106274 -0.72678 | 390.996 -1570.96
-21.5892 75.202 | -0.344511 1.13427 | -1056.15 -1373.94
-34.7073 -66.2355 | 0.79078 0.0814744 | 3.63798e-12 4.09273e-12
-55.526 -48.9601 | 0.285322 -0.0688102 | 6.54325 -269.681
51.9847 -76.0915 | 0.303562 0.203799 | 294.933 671.443
56.3163 28.9364 | -1.05417 0.132673 | -181.127 -693.017
-53.3999 -51.6187 | 0.290361 -0.18166 | -44.655 77.2125
16.9333 49.1737 | -0.310985 0.119483 | 28.2403 99.8235
-27.9446 29.9846 | 0.209866 0.791231 | -3.06954e-12 -2.55795e-13
35.0662 79.1783 | 0.704358 0.182389 | 1.13687e-11 -4.09273e-12
58.7881 41.8048 | -0.137209 -0.964441 | 390.144 1069.61
17.5422 10.1268 | -0.699905 -0.576084 | -759.76 1214.57
-58.1036 -55.2037 | 0.470026 -0.730315 | 138.392 -308.822
-73.8711 -15.0548 | 0.22229 -0.595244 | 2.50111e-11 -7.97229e-12
34.151 -84.9132 | -1.05602 -0.407345 | 162.147 536.306
2.08632 -17.801 | 0.12094 -0.746839 | 4.0643e-12 1.81899e-12
63.0903 20.7866 | -0.632212 0.381758 | -159.505 -1634.66
-9.76848 -2.23332 | -0.561181 0.37616 | 1509.89 -2406.82
67.0705 30.5553 | -0.884051 -0.353532 | 35.7742 934.016
-52.9826 80.88 | -0.389962 -0.625583 | -1148.11 685.338
7.24806 -96.4608 | -1.7181 -0.0480174 | -186.177 -450.082
23.8621 82.6188 | 0.334516 0.505845 | -409.13 909.413
7.48039 24.6204 | -0.33819 -0.154406 | -745.194 -1465.14
-47.4989 -65.0349 | 0.806463 0.40917 | 1274.05 -8334.33
-32.1292 -35.0955 | -0.534852 0.044261 | 438.888 992.354
82.122 -5.87776 | -0.356491 0.0143239 | -202.305 1928.01
-62.6326 25.8305 | -0.591094 0.0535312 | 277.065 -486.469
57.9295 8.10176 | -0.352059 0.742454 | -9.09495e-13 -9.37916e-13
61.5984 -59.6048 | 0.151874 -0.183119 | -134.971 164.303
-64.6425 -18.6463 | 0.689969 -0.00319277 | 415.795 1741.73
50.2645 49.7783 | 0.289177 -0.0933812 | -419.583 1538.23
-77.605 25.7206 | -1.00023 -0.838005 | -42.5983 29.5552
