-5.45678 -63.1296 | 0.101612 -0.0249115 | 20.4131 30.9722
-14.2674 59.8844 | 0.155382 -0.368213 | -82.8595 712.394
32.3889 -23.7119 | -0.299607 -0.414513 | 2.72848e-12 9.09495e-13
-63.1131 -29.134 | 0.249548 0.653017 | 6.25278e-12 -2.27374e-12
-20.912 -46.5808 | 0.102962 0.566804 | 345.905 1299.36
-9.47457 -89.9373 | 0.1215 -0.839183 | 1.81899e-11 -2.27374e-13
52.1731 -3.20187 | 0.132391 -0.499934 | -4.88853e-12 -1.77351e-11
-5.49305 -33.5881 | 0.19439 0.00615098 | 1.02318e-11 5.00222e-12
64.0392 64.1517 | 0.45287 -0.0346713 | 108.453 -397.058
-45.2774 11.3261 | 0.252702 0.652316 | 3.18323e-12 2.72848e-12
32.3539 84.0871 | 0.0877485 0.103741 | -9.32232e-12 -5.68434e-12
-10.3375 4.29112 | -0.39703 -0.451579 | -3.63798e-12 2.50111e-12
1.97841 -66.008 | -0.62793 -0.15462 | -24.9652 -77.0136
-80.8428 15.4467 | 0.21168 0.305201 | -6.36646e-12 -3.63798e-12
24.2213 80.282 | 0.722416 -0.852161 | -1.18234e-11 1.36424e-12
-65.2927 22.4388 | -0.196086 -0.235167 | -1.72804e-11 -1.45519e-11
-65.8289 -18.8548 | 0.392714 -0.281447 | -3.00133e-11 1.15961e-11
-2.80301 53.2302 | 0.0708708 0.105756 | 82.8595 -712.394
68.9371 31.6027 | -0.107909 -0.366276 | -24.0145 -6.99677
88.7559 -21.0305 | 0.0322574 0.27186 | 1.81899e-11 3.63798e-12
32.4322 -11.7373 | 0.201701 -0.51246 | -1.00044e-11 1.27329e-11
-28.7884 -21.1135 | 0.0273654 -0.0762888 | -2.27374e-12 1.29603e-11
47.1121 28.1982 | 0.249611 -0.641073 | 0 7.27596e-12
11.7032 -24.3902 | -0.592452 0.543742 | 50.0201 214.992
31.2316 -52.9871 | 0.719723 -0.677412 | 26.0734 -58.6107
-11.0547 -50.8526 | -0.280963 0.26542 | -11.3168 -90.1033
-60.4131 -9.25197 | -1.15654 -0.0680581 | 0 1.5234e-11
-72.7977 38.9797 | 0.297921 -0.0583385 | -6.36646e-12 -4.54747e-13
6.83604 -43.3601 | 0.274548 -0.727378 | -345.905 -1299.36
55.2276 -21.0411 | -0.116676 -0.520282 | -9.73595 -379.581
24.1374 -58.8792 | -0.30748 0.398942 | 4.55215 46.0414
-89.9405 15.5323 | 0.120519 0.300792 | -6.36646e-12 7.27596e-12
-13.5905 -5.21422 | -0.821859 0.0478397 | 162.618 -585.47
59.6219 1.21058 | 0.126356 0.555861 | 10.1865 -4.91017
5.27312 23.3872 | 0.167407 0.0433611 | -166.441 40.9365
-6.63894 86.2857 | 0.0271038 -0.897665 | 24.6338 62.0876
8.73155 92.9539 | -0.324135 -0.294157 | 3.63798e-11 -1.63709e-11
22.9191 60.2967 | 0.57756 0.721984 | -1.93268e-12 1.36424e-12
-54.2757 49.1888 | -0.341748 -0.234458 | -3.08376e-12 -1.45519e-11
32.3113 -47.6513 | 0.74379 0.10198 | -14.7565 148.714
-35.5655 21.0889 | -0.288157 0.20247 | 1.31877e-11 -1.09139e-11
-17.7758 47.5317 | -0.00102436 0.0571278 | 3.63798e-12 3.63798e-12
70.8493 -0.511032 | 0.537661 0.0175487 | -1.51346e-12 8.41283e-12
-48.405 -59.7879 | -0.0428262 -0.317469 | 1.27329e-11 -1.09139e-11
84.3115 29.9624 | -0.098535 -0.0852545 | 677.58 7.9816
21.2209 19.3327 | 0.453 0.142356 | 166.441 -40.9365
-58.4117 -4.25592 | 0.0257702 -0.138818 | -3.41061e-12 2.10321e-12
41.1902 55.121 | 0.0965402 -0.696476 | 1.81899e-12 5.45697e-12
68.1924 -35.371 | -0.53298 0.673311 | 1.54614e-11 -5.45697e-12
-44.1451 -65.4691 | 0.117022 -0.030452 | -12.7118 26.6091
36.7316 44.8395 | 0.36011 -0.107056 | -7.27596e-12 6.36646e-12
78.9978 14.1266 | 0.0307542 0.0531859 | 1.59162e-11 1.63709e-11
-31.7945 18.3437 | 0.168833 0.380468 | 0 1.09139e-11
18.7818 40.5388 | 1.17734 0.346319 | 103.258 173.065
-17.7216 4.96068 | 0.0885375 -0.321078 | -2.72848e-12 -2.27374e-13
-0.514254 -94.1622 | -0.321579 1.03363 | 1.81899e-12 2.18279e-11
46.7019 49.5547 | -0.0587917 0.359262 | 2.72848e-12 -5.00222e-12
48.5882 -77.1178 | 0.232614 0.0701786 | -5.13865e-11 -1.68257e-11
3.15481 -69.6198 | -0.0240858 -0.84394 | 59.3082 -83.1774
25.685 -34.7207 | 0.232519 -0.143325 | -1236.33 1694.97
-50.191 -38.4178 | 0.423061 0.108927 | -4.76838 2.57457
-40.847 62.3005 | -0.0720248 -0.368129 | 9.09495e-13 -1.36424e-12
33.5054 -77.9094 | 0.82381 0.558134 | 279.185 -203.421
-50.2431 -43.0348 | 0.327256 -0.632122 | 4.76838 -2.57457
69.6813 13.8424 | -0.46818 -0.190308 | 6.36646e-12 1.36424e-11
48.2356 -38.6639 | 0.0829382 -0.121996 | 1186.31 -1909.96
-43.6128 6.38791 | 0.875782 -0.409416 | -6.75016e-12 -1.13687e-12
43.4287 14.0762 | -0.361052 -0.760637 | -10.1865 4.91017
-7.8797 -6.36028 | -0.799081 0.541029 | -68.0366 -252.717
40.5148 72.9294 | -0.191131 0.225617 | -437.237 1602.1
-85.2199 30.505 | 0.56192 0.623037 | -1.09139e-11 -7.27596e-12
9.12316 8.56013 | -0.376668 0.397847 | -48.915 28.999
-0.807159 24.7689 | -0.420964 -1.19147 | -8.6402e-12 -1.27329e-11
47.9927 -10.2634 | -0.617817 0.525695 | -9.09495e-12 6.82121e-12
-21.8384 40.2697 | -0.0659076 0.330885 | -4.54747e-13 -1.84173e-11
22.6678 5.69677 | 0.507351 -0.0573615 | 4.54747e-12 -6.53699e-13
-40.4379 -71.305 | -0.415403 0.182392 | -46.5964 56.5683
13.4395 67.0711 | 0.272854 -0.0653252 | -1.59162e-12 3.86535e-12
-20.913 -75.0793 | 0.143826 0.221728 | -2.72848e-12 -1.40687e-11
27.0103 25.0295 | -0.445964 -1.32128 | -1.81899e-12 5.45697e-12
-40.5962 80.5278 | 0.0590676 -0.913775 | -49.0869 154.397
-27.5077 29.622 | -0.35131 0.062431 | 7.27596e-12 -1.09139e-11
-21.8368 -78.9034 | 0.401228 -0.212188 | 2.27374e-12 -4.54747e-13
-53.7763 71.2392 | -0.782793 -0.620799 | -25.4382 51.1507
33.4771 71.76 | 0.148708 -0.67611 | 328.784 -1205.04
52.3861 -70.3206 | 0.21386 0.076924 | -279.185 203.421
63.3609 -22.3205 | -0.204826 -0.133104 | 9.73595 379.581
-32.5219 15.7814 | 0.553863 -0.551091 | -4.09273e-12 4.54747e-12
-75.5322 -58.6171 | -0.14133 0.436875 | 1.81899e-12 3.86535e-12
-28.9089 -7.44896 | 0.0284705 -0.262592 | -45.6667 809.187
50.0602 -44.2887 | -0.168312 -0.0959661 | 1.27329e-11 9.09495e-12
68.1621 36.6731 | -0.0395155 0.529921 | -653.566 -0.98483
44.2826 33.7397 | -0.569465 0.430396 | -103.258 -173.065
71.8869 52.9498 | 0.340286 -0.644976 | -2.72848e-12 -2.22826e-11
-20.3606 -39.4436 | -0.409817 -0.284053 | 5.45697e-12 5.98988e-12
-6.88831 79.6143 | -0.153203 -0.15398 | -24.6338 -62.0876
53.5419 -62.8381 | 0.314665 0.624152 | 1.22782e-11 -2.27374e-12
-32.2321 38.2422 | 0.0848333 0.141832 | 6.82121e-12 4.54747e-13
-48.1013 69.3618 | -0.386054 -0.262494 | 74.5252 -205.548
-9.30616 -83.0977 | 0.401634 0.223294 | -1.1255e-11 -3.63798e-12
