38.7233 -58.8408 | 1.72817 -0.310312 | -109.127 -4712.23
43.9474 8.62721 | 0.862695 0.150224 | 11.2269 13.8554
-0.155398 -45.6338 | -0.424586 0.393736 | -322.285 -449.353
5.80567 64.9996 | 0.110514 1.37564 | 155.54 -453.293
-16.6553 28.5243 | -0.75486 -1.31714 | -13.975 -13.1267
-36.945 -48.6632 | 0.814926 -0.0247405 | -116.843 970.442
-64.6052 -9.06686 | -0.244493 1.87156 | 6.82121e-13 -2.04636e-12
62.9404 -25.2869 | 0.166789 0.248911 | -5.68434e-13 -6.06803e-12
26.9266 49.5486 | 0.722485 -0.0303226 | 4286.88 -5.02633
-13.029 67.9494 | 0.784725 0.543913 | -418.703 696.128
37.4194 4.96523 | 2.18431 0.403559 | -2125.69 3762.78
13.4407 -26.0033 | -1.10259 1.49198 | -1074.6 -1427.48
8.1862 20.4349 | 1.2438 0.626785 | -1584.01 -6371.38
42.4733 -29.099 | 2.00953 -0.44702 | -379.483 -2495.77
-55.3527 36.7411 | -1.15918 -0.168835 | -126.251 320.142
47.0726 52.9567 | 1.95838 1.62523 | -6.82121e-13 1.42109e-14
-30.2957 -18.5813 | 0.883769 0.863796 | -4.83169e-13 7.27596e-12
-34.0428 0.251189 | -1.40126 0.360834 | -1.13687e-13 2.52953e-12
-58.8292 44.3268 | -0.466473 0.388122 | 4.66116e-12 -9.54969e-12
14.3126 30.7371 | -1.04894 0.0882637 | 993.765 998.01
-31.3571 39.3507 | -1.11297 0.0997248 | -945.492 737.45
31.8731 56.2183 | 0.387791 0.0510205 | -739.016 872.244
63.4275 41.8165 | 1.31561 0.688428 | 3936.77 3064.66
-43.1158 16.0917 | -0.219371 0.69341 | -799.091 920.545
-66.4515 -12.0115 | -0.9101 0.261001 | -4.54747e-13 3.41061e-13
58.8798 11.0401 | 0.350266 -1.28905 | -1.06581e-13 -4.09273e-12
50.4926 -51.7868 | 0.988081 0.652912 | 109.127 4712.23
-14.3402 -38.6436 | -0.858471 0.905522 | 88.497 -606.766
-36.2544 5.86028 | 0.297896 -0.62826 | -206.276 -254.991
39.1718 -8.04847 | -0.66877 1.34145 | 855.119 2852.18
-11.1738 9.72184 | -1.09845 0.704892 | 316.699 6.53584
12.3994 41.3607 | -1.42433 -1.02572 | -9.93799 -98.7438
-5.45647 46.2457 | -0.985894 -0.399795 | -335.864 -1388.05
-10.6803 53.7819 | 0.28939 -0.214501 | 664.078 1021.92
-17.0312 33.2902 | -0.209885 0.0183044 | 1038.26 -759.262
-7.09422 -76.9582 | -0.954079 -2.83082 | 434.627 -394.207
10.9193 -37.1564 | -0.599865 1.4337 | 6.48015e-12 -4.09273e-12
-60.3802 -17.2438 | 1.07182 0.0138986 | -27.3512 1245.94
9.8396 26.7222 | 1.13791 0.308603 | -950.999 -429.752
-30.7891 -3.98502 | 1.50443 -1.6999 | 878.93 -1084.05
-9.37407 73.187 | -0.121494 0.881951 | 2.50111e-12 -2.78533e-12
-18.9202 -70.6467 | 0.464893 -1.17592 | -434.627 394.207
47.8864 -35.9192 | 0.406535 -0.65494 | 444.358 -1925.57
6.27318 -11.4163 | 0.787633 -1.64651 | -405.632 -2810.27
21.6838 -60.709 | -0.246799 -0.945094 | 1.33582e-12 2.27374e-13
-20.3121 43.3389 | 1.0901 -0.40761 | -33.9319 84.2779
52.7577 45.774 | 1.36473 1.08554 | -1713.03 -4221.85
-48.2495 52.801 | -0.336934 2.57673 | -496.428 -425.761
29.606 -41.1833 | 1.33044 0.286844 | -108.466 1122.51
38.4056 -1.99894 | 0.674244 -1.62948 | 1386.48 -3536.63
37.6152 32.9745 | 0.0223026 0.303238 | -353.36 -1914.58
-55.6401 -38.291 | -1.27539 -0.121494 | -1736.39 1731.67
29.4058 -20.8689 | -1.08688 -1.12278 | 148.57 574.347
44.5603 39.8234 | -0.427863 0.507761 | -2841.1 -4065.99
51.7799 27.4756 | 0.275021 -0.759625 | -1048.35 857.989
-1.193 -7.69174 | -0.820229 -0.530742 | 1687.5 -3727.26
24.9081 -47.8771 | 0.831078 0.552973 | -143.763 -1057.19
-37.1599 -28.8971 | -0.344653 0.508683 | -88.497 606.766
9.70955 12.2476 | 1.08142 -0.507213 | -97.9515 -360.193
31.6398 7.06269 | -2.45056 0.459273 | 44.5157 60.9778
64.2149 25.0101 | -1.34569 0.205256 | 751.728 1326.24
20.1344 -17.381 | -0.245851 -0.18594 | 3.28417 -9.49532
16.2154 -50.6762 | -1.42542 -0.128457 | 4.84096 -162.245
22.2777 44.9508 | -1.83629 -0.384114 | -2920.56 4454.7
-20.0025 -63.7894 | -0.450494 -1.24831 | -1.44614 -16.8858
-38.7191 -59.9654 | -0.24904 -1.28551 | 23.9325 -132.88
-31.4879 58.3113 | 0.305718 1.98316 | 168.215 791.892
52.2475 -12.0278 | -0.966239 -1.31483 | -238.982 -154.822
-43.6683 32.0997 | 0.0232667 -1.64451 | 81.3919 -369.481
0.394478 -58.334 | -1.9212 -0.317369 | 1.44614 16.8858
22.509 68.5981 | -1.35815 3.23101 | -67.1341 90.7776
-51.246 -14.8871 | -1.51846 0.623968 | -108.087 -129.833
4.70809 15.0755 | 0.165144 0.426948 | 3.24007e-12 -1.36424e-12
6.35797 -5.92209 | -0.200858 0.0438773 | -1895.49 3837.12
36.017 -14.0033 | -0.224032 -0.665221 | -326.612 208.23
25.6389 24.3538 | -0.443672 0.240662 | 1793.45 3884.88
9.17716 -30.3466 | 0.258271 0.615178 | 3.29692e-12 -2.27374e-13
29.9628 -65.8165 | -1.8852 -1.20162 | 9.09495e-13 4.00746e-12
62.9026 -4.82355 | 2.70837 0.132008 | 1.53477e-12 2.8848e-12
-46.3484 -31.6406 | -0.106054 -2.26406 | 423.788 -604.453
60.7602 15.5232 | -0.470541 0.409366 | -3.41061e-13 -4.83169e-12
-72.3263 13.1211 | -0.199116 0.0546785 | -3.06954e-12 5.05906e-12
-31.3635 -43.9225 | 0.454516 0.0156828 | 1736.39 -1731.67
-54.6785 26.3117 | -0.175703 0.56657 | 6.82121e-13 3.0127e-12
-3.42958 62.2924 | -1.46709 0.104524 | 263.163 -242.835
51.0348 33.2586 | 0.962483 0.155002 | 332.795 1969.55
50.5807 20.7781 | -0.379041 -0.20045 | 64.9843 -320.96
48.2558 16.5061 | 2.22722 0.72248 | 97.9515 360.193
-59.1043 -28.631 | 0.726068 -0.52327 | -371.602 -1635.27
38.8021 3.23002 | -2.18095 -0.57543 | 680.95 -297.927
-69.4198 -24.7448 | -0.566931 -1.26861 | -24.835 993.783
27.3126 -25.3744 | 1.17802 -0.826445 | 1430.62 5821.35
20.8939 59.9415 | 0.894837 1.01393 | 67.1341 -90.7776
61.1173 -20.639 | 0.663218 -0.201903 | 323.542 -199.337
-48.2108 -8.71789 | 1.47216 0.389958 | 110.679 105.968
-21.4215 -54.298 | 1.10295 -0.275656 | 92.9103 -837.562
-48.4675 9.22574 | 0.581289 -0.582261 | 686.075 -648.225
-9.23064 -0.374646 | -2.15384 0.473827 | -878.93 1084.05
21.2427 -72.1435 | 1.40628 -2.10997 | 2.64322e-12 2.95586e-12
-52.63 22.0368 | 0.253729 0.915282 | 8.10019e-13 3.41061e-13
