36.3942 -58.0073 | -0.0392639 -0.804765 | 3017.37 3419.66
42.7759 8.734 | 0.159562 1.47274 | -628.42 -3624.25
0.566845 -46.2356 | -0.541322 -0.14959 | -508.075 -1067.35
5.32554 62.9524 | 0.115048 0.572211 | -3100.2 6673.19
-15.2783 28.5344 | -0.140485 0.431694 | 101.437 -1696.17
-37.5032 -48.7663 | 0.0078562 1.48719 | 7847.99 -15512.4
-64.241 -11.7277 | 0.303303 0.473455 | 140.856 113.862
62.2688 -25.183 | 0.191532 0.283279 | 631.48 -1245.74
25.7342 49.5786 | 0.47426 1.06658 | -4290.15 -8009.03
-14.2789 68.1548 | 0.213946 -0.251909 | 876.698 -1178.34
33.7471 4.17189 | 0.842697 0.594886 | 2950.62 -3436.45
14.1461 -30.3098 | -0.0355717 0.919844 | -2090.03 4557.39
7.18149 19.8783 | -0.0772042 -0.390363 | -114.021 11412.4
40.8752 -28.3903 | 0.0785932 -1.25212 | 192.784 290.15
-54.2361 38.7557 | -0.475136 -0.696497 | -487.732 941.682
43.2527 51.9486 | 0.915859 -1.83702 | 4789.72 8090.26
-31.0568 -22.086 | 0.0520321 1.63932 | -22.0926 -66.9114
-32.241 1.96129 | -0.0509713 -0.830333 | -562.579 -8912.09
-58.3213 43.2032 | 0.320357 1.89648 | -31.5866 -1568.36
16.6735 30.9549 | -0.26168 -0.799313 | -48.3023 5078.98
-29.7868 40.291 | -0.433111 -0.243785 | 187.652 -208.409
31.6244 55.4042 | 0.0700792 -0.0404687 | -68.4496 0.230931
61.6939 40.1948 | 0.496536 2.78556 | 354.774 942.421
-43.7703 16.0062 | 0.27888 -0.419423 | 896.477 -1050.67
-64.6082 -13.4886 | -0.316887 0.140173 | -5775.87 7425.88
58.6151 13.1365 | 0.303845 -1.2726 | 282.967 -341.901
48.6933 -53.3566 | 0.474035 1.34224 | 825.149 1123.7
-12.6248 -40.7808 | -0.220874 0.988526 | -274.149 3922.69
-37.0938 6.32273 | 0.205992 0.0647947 | -652.672 4092.57
40.5064 -8.3428 | -0.292324 -0.402938 | 175.894 8968.71
-10.1589 7.71165 | -0.0259311 -0.778438 | 1209.72 4807.3
13.8998 42.0364 | -0.0208971 -0.600247 | -1040.32 -2590.4
-4.76348 46.4408 | -0.0527515 0.368132 | -1150.27 -1169.15
-11.297 52.4067 | -0.0413176 0.956812 | 592.931 2672.27
-17.1921 33.3127 | -0.0989593 -0.750448 | -2.55795e-12 8.81073e-13
-5.26045 -72.4839 | -0.230393 -1.05705 | -5.68434e-13 3.15481e-12
10.9281 -37.1012 | 0.281183 -0.829079 | 167.676 -1913.19
-62.5599 -16.9295 | 0.508694 1.43751 | 4273.24 -7332.9
7.30316 25.8584 | 0.28852 0.368733 | 537.495 1027.57
-32.6386 -3.19629 | 0.491062 -0.353289 | 803.63 -674.162
-8.99803 71.6125 | -0.111398 0.559099 | -876.698 1178.34
-20.0655 -67.6417 | 0.241308 -1.45371 | 934.6 -5036.59
47.996 -34.7781 | -0.0919587 -0.276555 | -44.4885 -111.816
4.83657 -9.62639 | 0.499639 -0.592072 | 3862.53 -16596.1
22.3594 -59.3338 | 0.106141 1.40423 | -2372.9 -1072.33
-21.6852 43.7168 | 0.0415666 -0.849866 | 745.059 -2389.8
51.086 44.2022 | 0.254117 -0.878964 | 1427.82 318.362
-47.811 48.7167 | 0.00592343 0.964731 | -127.881 4394.11
27.3346 -43.7704 | 0.557993 2.07755 | 570.724 1862.52
37.4235 -0.242493 | 0.177655 -1.86761 | -2586.93 16216.9
37.5845 33.4238 | -0.252467 -1.20756 | -48.7841 -112.48
-54.7149 -38.4718 | 0.00621997 0.348739 | -1.13687e-13 2.98428e-12
30.8007 -18.3696 | 0.146318 -1.54753 | 699.346 -1926.6
45.3413 38.4504 | -0.445225 1.63067 | -354.774 -942.421
51.1181 27.8096 | 0.386016 0.793266 | 424.015 -1726.41
1.43698 -6.5907 | -1.08225 -0.381537 | -4584.05 6721.23
23.4629 -49.1153 | 0.277936 -0.199796 | -411.069 -1134.46
-36.872 -26.582 | -0.161384 -1.59472 | 1338.64 1831.18
8.38525 11.5305 | 0.231633 1.90298 | 702.074 3490.09
35.2321 6.3355 | -0.753006 0.108063 | -2400.34 5274.73
66.2175 24.8352 | -0.241859 0.114834 | -1848.22 2812.16
20.1041 -16.3459 | 0.306809 -0.630253 | -220.862 -251.975
18.6359 -51.0935 | -0.616405 -0.159409 | 503.317 1401.18
26.0946 46.9538 | -0.900081 -0.277249 | 30.7516 1984.76
-18.664 -63.1093 | -0.685983 0.100274 | -1001.32 4648.38
-38.7431 -58.7042 | 0.508103 0.712025 | 1414.02 -5263.77
-31.9208 56.393 | 0.229196 -0.457703 | 0.0389244 -0.120319
54.3129 -11.0923 | -0.623592 -0.0646601 | -13.4516 24.7753
-44.252 35.4649 | 0.511433 -1.91509 | -450.889 -2822.13
3.30191 -55.8688 | -0.546125 -2.55484 | -700.483 -2001.32
24.2197 65.0119 | -0.220084 0.143469 | 2.27374e-13 1.36424e-12
-49.5663 -14.9858 | -0.734096 0.0135492 | 1388.79 -199.95
4.17931 14.5599 | 0.0143134 -0.772354 | -407.01 -12505.2
5.20812 -4.11557 | 0.604511 -0.527345 | 1046.14 -4199.84
35.4761 -13.5522 | 0.00457344 0.200263 | -460.862 2176.61
26.4971 23.619 | -0.256526 1.40992 | 165.945 1292.66
8.55855 -32.0617 | 0.248072 2.18979 | 1861.05 -1332.79
32.6361 -63.7817 | -0.550082 -2.71383 | -1078.29 -4140.85
59.1346 -5.14025 | 0.602186 1.55275 | 3494.08 -15034.2
-45.3914 -29.733 | -8.08242e-16 -3.37508e-16 | -1.19371e-12 4.20641e-12
62.5306 15.4784 | -0.592134 -0.264853 | -3527.76 -5548.12
-72.0631 12.8775 | 0.0850265 0.68552 | -30.8961 -2020.36
-31.5659 -44.7285 | -0.025225 -0.947288 | -8115.26 15983.7
-54.2689 24.9505 | -0.187531 0.239405 | -794.208 3002.56
-1.13811 60.707 | -0.37964 1.05955 | 891.081 -3225.55
49.6428 34.6062 | 0.389037 -1.38531 | 48.7841 112.48
51.8063 19.7209 | -0.321504 0.0315893 | 191.537 -3462.73
44.3309 16.8797 | 0.752513 -0.8374 | 4264.73 4053.6
-59.917 -27.7491 | -0.0416813 -1.04807 | -1338.64 -1831.18
42.0065 3.03305 | -0.610127 0.26806 | -787.58 -1502.03
-69.5297 -21.0609 | 0.177154 -1.93245 | 0.0670147 -1.24404
26.3385 -23.3445 | -0.213167 -0.123808 | -1837.81 -4856.28
20.1632 58.4373 | -0.418408 1.21219 | 2082.42 -3091.91
60.6942 -21.1032 | -0.0302583 0.380384 | 1200.94 6071.74
-50.0081 -9.77748 | 0.21274 0.859991 | -50.3149 -1006.74
-23.4293 -53.2951 | 0.537738 -1.10072 | -816.868 1758.68
-48.9954 10.2265 | -0.185061 0.312331 | -1.13687e-12 -9.37916e-13
-6.21925 -0.595467 | -0.758424 0.305808 | -2018.4 5086.18
18.8836 -69.3949 | 0.33508 0.673772 | 78.2366 -381.26
-52.2442 19.9423 | -0.13406 0.777294 | -71.3725 68.4728
