64.5782 -70.2429 | -0.0465519 0.0216021 | -4.54747e-13 -5.45697e-12
-13.4327 22.8588 | -0.473189 0.287086 | 3.37711 16.7312
1.96387 -63.8658 | -1.0841 -0.135014 | 9.09495e-13 5.45697e-12
1.44727 87.8792 | 0.687985 -0.140913 | -266.887 484.601
-27.8143 46.6234 | -0.0787351 0.154252 | 2.72848e-12 -1.81899e-12
-42.2407 -69.277 | -0.261116 0.304618 | 57.497 -428.144
-73.8734 0.727854 | 0.764095 0.597554 | -7.7307e-12 -2.72848e-12
66.6051 -38.2361 | 0.245889 -0.0696852 | -9.09495e-13 1.81899e-12
19.126 72.3941 | -0.484626 -0.178847 | 84.8109 302.126
-46.239 82.5665 | -0.0772025 0.0539459 | -80.5552 197.635
4.22976 1.7867 | -0.523007 0.516428 | 774.012 1088.23
-12.8873 -21.5026 | -0.0914946 0.606394 | 4.20641e-12 3.41061e-13
9.7308 38.847 | -0.785216 -0.411219 | -1.25056e-11 -1.02318e-12
59.1123 -46.0967 | 0.454484 0.275608 | 2.72848e-12 1.09139e-11
-91.755 21.1484 | 0.4101 0.052098 | -7.27596e-12 8.6402e-12
43.204 69.8291 | 0.174321 -0.14901 | 5.00222e-12 -1.09139e-11
-39.1166 -26.7256 | -0.13406 0.0176928 | 3.29692e-12 -2.27374e-12
-42.753 13.6092 | 0.290642 0.458955 | -274.171 -955.142
-51.29 57.7916 | -0.830417 0.483487 | 2.34763e-11 4.3201e-12
-3.861 58.3933 | -0.297163 -0.776453 | 28.6583 -271.641
-43.5029 52.9947 | 0.172209 -0.178762 | -2.04636e-12 -5.45697e-12
33.8708 79.5339 | 0.243024 -0.0653102 | 139.503 -355.202
85.5949 11.5027 | -0.242365 -0.203415 | 2.27374e-12 -1.81899e-12
-24.359 39.2269 | 0.609263 0.203045 | -1.13687e-12 1.36424e-12
-87.8877 -17.5777 | 0.0147121 0.0300052 | -1.00044e-11 6.82121e-13
37.9252 10.969 | -0.46227 0.0236422 | 2.18279e-11 -5.45697e-12
65.4043 -57.0966 | -0.231011 -0.240224 | 7.27596e-12 6.48015e-12
9.64834 -46.4146 | 0.117159 0.130965 | -1103 -3054.83
-48.618 21.3272 | -0.628031 -0.155031 | 274.171 955.142
53.5697 -15.5375 | -0.318858 -0.007409 | 5.45697e-12 -3.52429e-12
-11.9383 5.64299 | 0.244442 0.204373 | -774.012 -1088.23
-30.3967 55.8114 | 0.134322 0.191039 | 4.54747e-12 2.72848e-12
-10.8405 66.9856 | -0.0160364 0.19304 | -9.52127e-12 9.09495e-12
-10.1423 79.9851 | -0.278423 0.414915 | 1.54614e-11 -2.33058e-12
-53.433 41.0508 | -0.828015 -0.503702 | 3.18323e-12 -1.81899e-12
11.2976 -94.823 | 0.142724 0.627571 | -413.681 -609.053
-13.7167 -34.4738 | 0.0714533 0.306258 | -4.30767e-12 5.91172e-12
-69.6036 -26.4482 | -0.0837512 0.165273 | 1.81899e-12 -7.27596e-12
3.13525 52.6765 | -0.695795 0.0419393 | -9.09495e-13 -5.00222e-12
-46.6937 4.52897 | -0.247868 0.295136 | 10.228 3.71012
-9.59546 94.9534 | -0.525918 0.0127099 | 2.00089e-11 -1.63709e-11
-5.19751 -89.5904 | -0.170508 -0.563504 | 413.681 609.053
66.9459 -50.7655 | 0.154572 0.284705 | -3.41061e-12 3.63798e-12
-15.1586 -13.2399 | 0.627042 -0.0248465 | -2.72848e-12 1.29603e-11
8.05579 -77.3159 | 0.34626 -0.591921 | 137.523 -293.274
-42.2773 64.6292 | 0.169569 -0.395523 | -2.72848e-12 1.0516e-12
90.1345 21.3854 | 0.518649 -0.0863227 | -6.70752e-12 -1.27329e-11
-60.4372 64.7001 | 0.1608 -0.019232 | -5.45697e-12 8.18545e-12
32.864 -63.3566 | 0.0805543 0.493226 | 4.54747e-12 1.1255e-11
24.8324 -18.2374 | -0.648939 -0.189325 | -1.09139e-11 6.36646e-12
32.6018 58.1447 | 0.544759 -0.147692 | -28.6583 271.641
-27.7385 -59.508 | -0.645521 0.162872 | -2.27374e-12 1.81899e-11
31.7592 -40.1017 | 0.944507 0.0774042 | -489.618 -1768.4
43.8557 64.4819 | 0.214909 -0.415655 | 278.226 39.3162
65.0758 41.6952 | 0.154738 -0.582823 | 4.54747e-12 5.91172e-12
-22.1205 -9.27854 | 0.0860037 -0.463345 | 0 8.6402e-12
15.6636 -66.7419 | 0.160248 -0.0731504 | -2.27374e-12 9.09495e-12
-44.6065 -47.2249 | -0.402085 0.714176 | -9.09495e-13 5.91172e-12
6.46722 18.5052 | -0.482596 -0.234164 | 4.54747e-12 -1.45519e-11
6.47845 8.12578 | -0.653335 -0.325286 | -3.37711 -16.7312
80.4058 3.6759 | -0.13196 0.539442 | 2.27374e-13 4.54747e-12
36.2642 -33.2416 | -0.178328 0.92912 | 489.618 1768.4
7.78754 -71.9639 | 0.19344 -0.214047 | -137.523 293.274
-7.27202 71.9373 | -0.426258 -0.812949 | 9.09495e-13 -1.00044e-11
-73.0314 -61.1891 | -0.232084 0.282589 | -290.501 -285.576
-72.5789 -47.4235 | -0.30528 0.944078 | 154.875 140.953
-31.8205 79.3252 | -0.968515 0.350712 | 80.5552 -197.635
66.2886 -19.755 | -0.290993 -1.06561 | 1.02318e-11 -7.27596e-12
-71.0596 38.3341 | 0.907664 -0.722323 | -5.00222e-12 9.09495e-13
-14.5563 -81.0436 | 0.287142 0.0167713 | 9.09495e-13 -5.00222e-12
19.6354 90.5144 | -0.344964 -0.553424 | 0 -1.09139e-11
-59.0231 -21.0707 | 0.621863 -0.0587834 | 9.09495e-13 9.09495e-13
8.55147 28.5774 | -0.759784 -0.694466 | 1.81899e-12 4.43379e-12
-12.8646 -6.84583 | -0.204517 0.199674 | 1.81899e-12 5.68434e-12
53.0138 -25.8821 | -0.63926 0.970589 | 1.81899e-12 3.41061e-13
20.2002 47.9154 | 0.64796 -0.063106 | -1.36424e-11 -4.54747e-13
-6.09626 -29.8875 | -0.53034 1.33421 | -3.63798e-12 -1.36424e-12
10.5624 -80.632 | 0.53582 0.415325 | -89.8613 272.557
43.8677 -2.72702 | 0.248529 -0.0286283 | -1.81899e-12 2.72848e-12
-3.61961 -42.1559 | -0.156382 0.464816 | 1103 3054.83
56.3576 2.332 | -0.595124 0.0648502 | -1.09139e-11 -1.00044e-11
-63.7749 27.614 | -0.481723 0.27203 | 31.4983 -708.271
-6.20951 -61.8215 | 0.0348654 -0.0360661 | -3.18323e-12 8.18545e-12
-90.3371 4.05299 | -0.409744 -0.573133 | 1.00044e-11 -2.72848e-12
-6.36271 85.2145 | 0.324119 0.455447 | -1.81899e-12 -6.82121e-13
59.7124 55.3158 | 0.194437 -0.274725 | -363.037 -341.442
64.8488 18.4901 | 0.137283 -0.0527341 | -9.09495e-13 7.27596e-12
52.4324 15.9829 | -0.292045 0.135683 | 1.81899e-12 -3.69482e-12
-50.8352 -55.7241 | 0.396087 -0.287064 | 78.1288 572.767
16.5644 -17.1379 | -0.795305 0.654588 | -1.81899e-12 -7.27596e-12
-52.5235 -39.7311 | -0.543247 -0.118398 | -1.45519e-11 3.63798e-12
20.0979 -55.0336 | 0.184003 0.280084 | -4.54747e-13 -3.63798e-12
40.6448 82.3176 | 0.426899 -0.455159 | 127.384 -129.399
86.8436 -21.6455 | 0.103899 -0.497956 | -5.00222e-12 2.50111e-12
-59.4584 0.919749 | 0.337072 -0.0692505 | -10.228 -3.71012
-43.6648 -74.9963 | -0.0337103 0.247892 | -6.36646e-12 -4.54747e-13
-24.7769 32.3266 | 0.746306 -0.0587289 | 4.54747e-12 -5.91172e-12
-26.6437 3.7535 | 0.440568 -0.833673 | -2.72848e-12 -4.27747e-12
22.1464 -87.0008 | 0.613577 -0.310524 | 89.8613 -272.557
-42.4087 37.4576 | -0.015342 -0.896099 | -31.4983 708.271
