20.7432 20.2995 | 0.543371 0.489068 | 37.3758 -46.09
30.3989 -47.7933 | 0.376994 0.248351 | 9.09495e-13 4.54747e-12
-5.18581 -50.4257 | 0.424536 -0.037062 | 2.95586e-12 -5.91172e-12
-11.4176 72.6007 | -0.388087 -0.148154 | 1111.59 -1536.77
51.3002 29.2401 | -0.670078 0.143879 | 573.373 557.772
-38.9165 80.56 | -0.418343 -0.419971 | 9.09495e-13 -1.81899e-12
-46.293 84.047 | -0.723611 -0.333348 | -7.27596e-12 3.63798e-12
-39.2254 75.8191 | 0.0184053 -0.303374 | 2.72848e-12 3.63798e-12
-25.7669 7.2295 | -0.0632297 -0.0923546 | -9.09495e-12 1.04592e-11
42.2996 77.1628 | 0.534974 0.145364 | -3.18323e-12 -1.00044e-11
-50.6653 -43.1515 | 0.331012 0.692743 | -4.09273e-12 8.52651e-13
58.2179 49.379 | -0.322445 -0.275658 | 7.78755e-12 1.00044e-11
78.9878 54.2189 | 0.0290215 -0.892105 | 1.81899e-11 2.36469e-11
23.9605 -23.5124 | -0.762415 -0.0144201 | -1.36424e-12 2.50111e-12
-9.33184 -77.7742 | 0.0377867 0.0987424 | -1.36424e-12 5.68434e-12
-30.8964 33.7561 | 0.0962926 -0.476634 | 120.495 -377.155
80.8877 10.4754 | -0.085866 -0.745893 | 495.659 264.101
15.4258 68.8226 | 0.146508 -0.450789 | 21.6163 -51.5206
76.346 -17.11 | -0.426411 0.377596 | -1.09139e-11 7.7307e-12
20.2517 51.1797 | 0.143483 0.0609638 | 137.835 231.005
-4.64807 -38.1589 | 0.285262 0.178222 | -1.81899e-12 1.47793e-12
65.3301 19.31 | -0.650074 1.19796 | -146.026 666.534
51.0267 59.5089 | -0.513773 -0.447609 | -2.95586e-12 -8.18545e-12
-40.6371 51.2396 | -0.0105287 0.222018 | -23.4069 179.208
78.3584 31.6504 | -0.322808 0.0562306 | 1434.82 2615.1
-12.0295 31.3909 | -0.113644 0.617248 | 3.63798e-12 -8.18545e-12
41.9915 60.4617 | 0.728038 0.060468 | -9.09495e-13 -5.17275e-12
75.6126 -24.0623 | 0.382213 -0.310112 | -1.81899e-12 3.63798e-12
31.7931 16.7221 | 0.0603887 -0.13509 | 2.04636e-12 7.27596e-12
50.9999 -44.3195 | -0.661366 -0.33148 | 4.09273e-12 7.95808e-12
-66.8697 12.5762 | -0.156582 -0.00852582 | 262.105 295.131
26.1338 68.6175 | -0.00283131 0.306576 | 3.63798e-12 1.81899e-12
-67.5999 34.5962 | 0.118646 0.0998811 | -28.3631 -16.2175
-78.2003 9.05693 | 0.391473 0.0954408 | 0 2.72848e-12
23.6293 -74.9836 | 0.237723 0.0330001 | 723.26 3691.97
-22.4185 -52.9938 | -0.0897086 0.18218 | 5.45697e-12 -3.18323e-12
60.1798 -6.7701 | 0.801429 -0.140831 | 3.18323e-12 5.91172e-12
19.4759 85.217 | 1.23388 0.023328 | 1.63709e-11 -1.81899e-12
-28.2207 -71.4049 | -0.574157 0.388172 | 2.38742e-12 -9.09495e-13
-45.8412 48.4207 | 0.288883 -0.366472 | -97.0878 197.947
-25.1624 15.5714 | 0.418793 -0.531731 | 1.81899e-12 -7.27596e-12
7.14958 -94.0058 | 0.0583766 0.153462 | -1.81899e-11 5.45697e-12
32.5187 30.17 | -0.626632 -0.182282 | -610.749 -511.682
-66.6286 -22.5564 | 0.283541 -0.384056 | -0.0329571 0.678804
-54.95 21.5948 | 0.529605 0.0981543 | -4.54747e-12 -7.95808e-12
-38.8726 -26.115 | 1.00846 0.535594 | 0.0329571 -0.678804
9.15448 70.6688 | 0.062266 -0.132042 | -19.2544 7.36577
65.2427 -49.3192 | -0.224443 0.481855 | 0 0
84.485 38.6306 | -0.421493 -0.642105 | -1.45519e-11 -2.00089e-11
21.8816 3.31701 | 0.874531 -0.417686 | 3.63798e-12 9.09495e-13
81.8373 24.2343 | -0.118953 0.302718 | -1434.82 -2615.1
20.2798 93.1263 | -0.105424 -0.671802 | 95.1461 122.614
3.19814 -64.2819 | -0.871348 0.710862 | -19.998 334.496
11.558 89.4639 | -0.516961 0.0206304 | -95.1461 -122.614
-69.4148 -9.23818 | 0.516044 0.332932 | 9.09495e-13 3.41061e-12
3.6751 -87.345 | 0.716543 -0.0320895 | -163.483 -150.314
-62.9903 -37.9066 | 0.160609 0.713943 | -549.38 -516.724
-3.23119 37.9173 | 0.0885967 -0.129969 | -137.835 -231.005
-36.8668 67.6043 | -0.0547068 -0.661865 | -1111.59 1536.77
-1.00095 -78.9776 | -0.337697 -0.28457 | 19.998 -334.496
73.3552 -3.22283 | -0.572235 0.447662 | 3.63798e-12 1.00044e-11
46.4633 70.6322 | -0.488593 0.382808 | -2.36194 44.1549
-71.7843 -45.0446 | -0.0589295 -0.230273 | 1.90994e-11 6.36646e-12
-76.7723 26.523 | -0.119319 0.290324 | -262.105 -295.131
-39.5023 -85.6258 | -0.0863452 -0.183813 | -1.20508e-11 -5.45697e-12
13.4569 -5.89173 | 0.518694 -0.217387 | -3.63798e-12 3.63798e-12
46.192 -40.9201 | 0.0274096 0.396764 | 1.93268e-12 -4.54747e-13
-58.6056 62.2219 | 0.591265 -0.0985613 | 105.917 -20.941
-47.2171 -69.3219 | 0.380532 0.473444 | -1043.74 -168.713
-56.9496 -55.6405 | 0.291905 0.482847 | -1.81899e-11 2.50111e-12
15.0566 -54.7427 | 0.596263 -0.194716 | -4929.07 5672.98
14.7222 -56.9141 | -0.728851 0.695275 | 4929.07 -5672.98
-53.0107 -51.3573 | 0.00674562 -0.00272174 | -8.18545e-12 -2.72848e-12
-65.1999 -15.1465 | -0.194167 0.276978 | 1.27329e-11 -2.72848e-12
32.6943 -76.5966 | 0.309314 0.418798 | -559.777 -3541.65
31.163 -60.7713 | 0.250406 -0.164595 | 9.09495e-13 -4.88853e-12
37.4518 -30.1319 | -0.342153 -0.0109479 | -532.51 6430.81
11.7335 56.3405 | 0.50022 -0.197301 | -1.59162e-12 -5.45697e-12
-41.2339 -62.9115 | 0.437459 -0.230175 | 1043.74 168.713
50.2876 4.94619 | -0.246249 -1.26922 | -349.633 -930.635
58.1284 -36.1265 | -0.341277 0.297933 | 1.36424e-12 2.50111e-12
20.8747 35.563 | 0.173282 0.325243 | -4.54747e-13 3.86535e-12
46.7065 -14.3822 | -0.0299054 -0.191486 | -9.09495e-13 6.25278e-12
2.82175 -16.5104 | 0.463443 -0.162889 | 3.06954e-12 8.18545e-12
59.1196 -27.2385 | 0.127112 -0.0662239 | 532.51 -6430.81
-12.4293 -24.0632 | -0.0193614 0.0882772 | 7.27596e-12 5.00222e-12
-43.2829 36.177 | 0.805524 -0.142566 | -3.69482e-12 7.27596e-12
65.1856 67.19 | 0.827611 -0.378766 | -3.41061e-12 5.91172e-12
-49.7217 -12.6 | 0.287596 0.443495 | -3.63798e-12 -7.50333e-12
51.4676 -80.4404 | 1.40597 -0.531798 | 2.11458e-11 1.13687e-12
74.7881 -53.0222 | 0.31517 0.0113141 | 9.09495e-13 0
-21.0471 -31.1793 | 0.281554 -0.063517 | 6.36646e-12 2.77822e-12
-60.034 24.3136 | -0.104111 -0.604925 | -6.59384e-12 9.09495e-13
-63.9223 63.8409 | 0.0157969 0.111577 | -77.5538 37.1585
-25.8281 61.5358 | -0.519644 0.183181 | -2.72848e-12 -5.00222e-12
-68.0895 -17.1649 | 0.203419 -0.801865 | 7.27596e-12 -1.36424e-11
35.4139 -65.5474 | -0.364022 0.0490107 | -5.45697e-12 -2.27374e-12
83.996 -34.0158 | 0.718785 0.00666233 | -1.04592e-11 1.20508e-11
-30.7916 -4.11886 | 0.965037 -0.7114 | -4.54747e-12 -6.82121e-12
-77.4579 -28.8271 | 0.383711 -0.00125732 | 549.38 516.724
