-54.4358 -37.0537 | 0.37837 0.254258 | -5.05766 9.46397
42.9433 -72.978 | 0.215644 0.0260866 | -307.064 396.96
-4.68469 70.1888 | 0.116752 -0.763762 | -1007.09 -3312.32
-14.752 -16.9326 | -0.381157 0.319693 | -237.202 2983.94
-52.1629 8.7793 | -0.131101 0.436526 | 107.167 -233.861
-44.9096 42.3288 | 0.28822 -0.182696 | -1.13687e-11 4.9738e-12
61.4198 31.0613 | -0.3362 0.022355 | -90.4462 -148.719
4.44694 25.1838 | -0.197641 0.211706 | -3.63798e-12 1.53477e-12
-79.5644 17.064 | -0.562874 -0.535994 | 3.18323e-12 9.09495e-13
-73.3161 11.5645 | 0.0336527 -0.392804 | 637.317 -532.165
4.89519 -58.7723 | -0.145276 0.0960808 | 5.45697e-12 -6.25278e-12
3.06971 -48.9838 | 0.388815 0.549135 | -3.18323e-12 -3.18323e-12
52.9008 23.3943 | -0.13848 -0.314019 | -57.3531 1060.3
-21.9893 -87.4113 | 0.933147 -0.790532 | 2.01152 -39.761
-14.2934 -72.4385 | -0.675893 0.0731037 | -6.86506 -602.053
-77.8075 12.7674 | -0.454744 -0.394766 | -48.1224 -2053.2
1.2881 -61.5815 | 0.0902579 0.159692 | 1.36424e-12 7.27596e-12
37.6382 60.1362 | -0.0884744 0.0208443 | 433.803 412.019
-45.4455 49.7984 | 0.176987 -0.714567 | -15.1635 41.4094
43.1718 -26.8146 | 0.674873 -0.497471 | 4.54747e-12 1.36424e-12
39.5678 -55.7908 | 0.419543 0.86336 | 20.3047 29.7466
30.3684 -79.3168 | -0.177249 0.28984 | -204.975 -1030.03
21.9953 77.9883 | -0.042615 -0.844284 | 26.2634 674.487
-21.29 -22.8372 | 0.629117 0.859984 | -150.907 -157.008
66.7953 -26.266 | 1.26221 0.027981 | 1.36424e-12 -5.45697e-12
-53.115 54.4675 | -0.454218 -0.285467 | -2499.57 1986.67
-16.9389 -40.758 | -0.161005 0.435196 | -238.038 -525.365
69.0605 -14.0794 | -0.155976 0.906013 | -547.65 542.935
16.3714 -58.6271 | -0.110777 0.336963 | 1.59162e-12 9.09495e-12
-50.1178 76.4715 | -0.340786 -0.199631 | -981.063 932.849
28.6921 -18.0431 | 0.624949 -0.262546 | 9.09495e-13 -3.18323e-12
-59.9979 71.6599 | 0.501133 0.327896 | -7.27596e-12 2.20552e-11
-2.74661 23.4695 | 0.244452 0.245137 | 5.45697e-12 5.45697e-12
30.0725 27.2388 | -0.0695173 0.168751 | -40.5632 80.9653
-80.1463 27.2244 | 0.466206 -0.637006 | 2.18279e-11 8.6402e-12
49.8718 -67.819 | -0.284204 0.156196 | -78.7354 -837.994
14.2954 -75.6144 | 0.465459 0.24674 | 982.663 2346.53
56.9907 56.3699 | 0.543177 -0.135219 | -1.00044e-11 2.27374e-12
56.7885 36.6198 | -0.234113 -0.348513 | -2.72848e-12 -2.50111e-12
-64.894 -55.848 | -0.174018 -0.165272 | -386.833 -78.2697
-11.6142 76.3426 | 0.248731 0.263231 | -666.249 -646.92
10.134 35.2126 | -0.466989 0.0486211 | -4.09273e-12 5.22959e-12
72.4051 0.497099 | 0.0162975 0.719843 | -3.40987 -242.923
-7.23304 -45.5785 | -0.0125162 0.534089 | -65.3164 -206.922
-15.1622 -84.1395 | -0.157872 0.227692 | 1.031e-11 3.63798e-12
-1.62877 85.4042 | 0.910712 -0.627766 | -5.00222e-12 -1.81899e-12
31.1647 91.3714 | -0.361047 0.0733768 | -3.63798e-12 -2.00089e-11
-18.1705 35.2913 | 0.176181 0.045452 | -87.3674 528.328
23.6614 41.1464 | 0.46492 0.244244 | 95.5214 153.43
33.3215 -6.06703 | -0.638981 -0.273087 | 451.008 -2744.75
-21.9236 -90.601 | -0.674451 -0.0731166 | 16.3437 55.3138
-11.9892 -11.0741 | 0.538949 0.216423 | -8.41736 78.2643
8.95656 -73.8881 | 0.427116 0.628585 | -1104.33 1144.76
-17.8098 -77.0959 | 0.025664 -0.161071 | 121.667 -3491.3
-35.913 -36.7733 | -0.251727 0.138049 | 5.05766 -9.46397
-7.56881 7.15209 | 0.0250835 0.54853 | 3.41061e-12 -2.04636e-12
16.1899 68.644 | -0.331483 -0.44965 | 8.7493 8.57127
16.4988 7.78389 | -0.679667 0.111642 | 0 -7.04858e-12
-1.32509 16.9055 | -0.245626 0.697497 | 2.72848e-12 -9.09495e-13
62.4627 2.10501 | 0.224364 -0.122965 | -461.361 1506.41
43.6369 67.44 | 0.984133 0.662579 | 5.18874 -69.984
-27.9356 -8.11788 | 0.129202 0.281168 | 8.41736 -78.2643
-56.9331 26.6126 | -0.356788 -0.500394 | 135.49 1524.87
-12.505 -66.4431 | 0.395021 -0.379448 | -4.54747e-12 5.45697e-12
-59.077 -46.5132 | -0.0955654 0.463264 | 8.6402e-12 0
-62.4367 -41.5521 | -0.209005 0.799604 | 34.1286 49.8504
-50.7263 -59.086 | 0.310256 -0.0506161 | 43.3743 -142.654
-55.9293 -1.28276 | 0.714441 -0.727924 | 207.834 -197.495
-58.6464 10.8909 | 0.180127 0.0343551 | -1098.94 2218.37
39.9914 -49.2591 | -0.131345 -0.0342876 | -49.3285 21.7677
35.3389 84.3647 | 0.22423 -0.550401 | -997.95 -789.554
-11.1282 82.5494 | 0.138129 -0.880313 | 14.8091 -528.488
66.5784 -11.8941 | 0.245371 0.675934 | -7.43151 -46.2627
74.6507 -13.9295 | -0.244032 0.194071 | 325.68 -104.977
-19.1065 6.86111 | 0.049431 0.0557538 | -1949.53 4200.51
34.3762 53.9662 | -0.106589 -0.0962749 | 1.00044e-11 -6.36646e-12
-8.38115 66.3181 | -0.328032 -0.0824758 | 3.18323e-12 -5.45697e-12
29.1097 -41.1528 | 0.941552 0.319649 | 1322.89 -1429.35
17.6902 -37.7298 | -0.128795 0.972368 | 238.038 525.365
54.9795 29.0269 | -0.12886 0.175148 | -4.33592 -7.03721
74.2366 -31.0125 | 0.328958 0.162445 | 146.366 2578.79
-49.6724 -29.0944 | -0.329476 -0.650967 | 1.36424e-12 -5.00222e-12
18.8005 92.5213 | 0.621661 -0.0979404 | 193.929 164.031
38.4284 -37.0713 | 0.405721 0.429744 | -1322.89 1429.35
71.1322 -18.9567 | 0.35809 0.871891 | -189.861 1689.46
-23.1943 49.9669 | -0.280095 0.247474 | -7.27596e-12 0
-9.68602 2.78601 | -0.13173 -0.327194 | 1948.39 -4197.07
-72.196 -6.68388 | 0.147933 -0.426277 | -175.63 49.7269
-68.2846 -29.8196 | -0.242078 0.00404073 | 9.09495e-13 -1.27329e-11
31.0083 14.1766 | 0.288805 0.175191 | 343.376 -533.927
13.4912 50.1157 | 0.243129 0.160417 | 4.54747e-12 2.27374e-12
3.92898 87.479 | 0.758783 -0.610062 | 1.09139e-11 -3.63798e-12
73.9651 -34.7631 | 0.0526664 -0.10715 | -146.366 -2578.79
47.9995 -10.5247 | -0.112658 -0.634876 | -4.09273e-12 5.68434e-12
-39.0512 38.4451 | -0.308053 -0.897872 | -17.7109 -17.0222
4.95667 -51.9826 | 0.0239858 0.489249 | -27.0053 601.322
37.0538 72.8424 | 0.295097 -0.530941 | 141.714 666.133
-61.0408 12.8392 | -0.311771 -0.580617 | 1257.31 -1368.44
-35.9108 73.4628 | 0.584959 0.0675462 | 25.5238 -69.313
23.5805 -29.6394 | -0.238647 -0.0912424 | 72.0052 -265.415
-54.1291 -12.0615 | -0.387307 -0.386754 | 1054.11 -735.084
-77.1472 -6.46937 | -0.0881942 -0.0733256 | 11.2871 -141.632
-8.52166 43.7369 | -0.0163162 0.910715 | 17.7109 17.0222
2.88762 12.7363 | 0.210254 0.373975 | -40.9911 -46.5409
-18.7782 19.7698 | 1.08418 -0.109282 | 7.27596e-12 -7.7307e-12
-60.0061 55.5464 | -0.0368578 -0.144371 | -245.846 1869.72
-68.0486 -25.5097 | 0.243185 -0.504249 | -2.72848e-12 -7.27596e-12
-36.5731 -68.3796 | 0.837551 0.0456773 | -3.27418e-11 -2.50111e-12
-42.2105 68.8624 | 0.318465 -0.0221351 | 1017.48 3225.27
18.6052 51.994 | 0.220871 -0.464268 | -2.72848e-12 2.27374e-12
67.5849 47.3833 | -0.63909 -0.430841 | 482.484 -92.8916
39.9247 -41.7384 | -0.170041 0.678889 | 4.54747e-12 -7.27596e-12
-8.32517 -31.662 | -0.785025 -0.23377 | -188.413 60.9438
39.4065 70.6758 | -0.338273 0.0555754 | -185.088 -568.611
54.1436 10.0444 | 0.063526 -0.556553 | -408.92 212.982
18.6565 -91.1871 | 0.0899717 0.227381 | 2.36469e-11 -2.28511e-11
58.467 4.34426 | -0.127342 -0.306446 | 500.049 1091.74
-69.6189 -10.4367 | -0.304396 -0.789433 | -26.3559 47.2214
-27.8801 -71.185 | -0.54453 0.318381 | -132.806 1361.05
59.9914 57.8594 | 0.0573025 -0.299409 | -1.36424e-12 1.81899e-12
-60.3369 7.81182 | 0.0989166 -0.447703 | 1006.86 -2072.92
-7.86746 47.1184 | -0.126648 0.128523 | -0.739319 2.32648
-65.5715 15.0909 | -0.980168 0.324285 | -600.664 607.228
-38.6582 -9.10499 | 0.481329 0.192957 | 26.3559 -47.2214
43.9632 -66.1763 | 0.0100821 0.104703 | 78.7354 837.994
-5.02091 91.9255 | 0.380036 -0.120448 | 7.27596e-12 1.63709e-11
16.4978 -56.2977 | 0.318868 0.421924 | 32.5848 -693.066
49.0345 -61.3849 | 0.153146 -0.727059 | 1.81899e-12 5.91172e-12
-69.0368 58.1792 | -0.00264142 -0.568911 | 797.237 -808.692
-15.2593 -7.37277 | 0.288441 0.120968 | -1.10873 -168.298
-3.02898 -62.8027 | -0.0666173 0.387601 | -1.15961e-11 -5.79803e-12
-34.4254 -83.6808 | 1.04789 -0.404661 | -2.01152 39.761
-65.4426 -36.0058 | 0.0904244 0.464477 | -3.63798e-12 9.09495e-13
68.0552 -39.4126 | 0.0927027 0.0795137 | -313.756 225.655
4.50114 -9.53064 | 0.111969 -0.494056 | -6.82121e-13 1.81899e-12
-50.671 -62.2169 | -0.299403 0.317106 | -9.09495e-12 -9.09495e-13
69.0697 57.0511 | 0.366205 -0.257466 | 6.87953 -79.0723
-37.926 52.1858 | 0.253013 0.519055 | 15.1635 -41.4094
-58.5773 36.5297 | -0.138999 -1.29076 | 1.13687e-12 -2.89901e-12
67.0201 8.86615 | -0.817776 -1.66794 | -752.828 -364.605
-31.8169 -78.9281 | 0.398026 0.236476 | 139.671 -758.992
62.2836 -33.7316 | -0.0951102 -0.00257707 | -3.63798e-12 -3.63798e-12
63.226 -9.816 | 0.279641 0.413385 | 7.43151 46.2627
-76.208 -3.16872 | -0.0616557 -0.346088 | -43.491 289.4
-11.6855 -93.46 | -0.13916 0.0405521 | -16.3437 -55.3138
43.8786 9.68336 | -0.284027 -0.0884891 | -40.5101 65.6085
-7.09952 -82.3141 | -0.350826 0.161094 | 3.63798e-12 -3.75167e-12
39.8834 84.7911 | -0.395219 -0.240372 | 804.021 625.523
7.36112 38.8924 | -0.55672 0.447946 | 7.27596e-12 3.63798e-12
-11.463 -23.5576 | 0.322545 0.084311 | 150.907 157.008
59.3259 47.6061 | -0.053876 -0.636898 | -925.037 -327.698
59.4161 -46.2345 | 0.267051 0.371735 | 271.768 230.39
-40.756 56.8641 | -0.269589 0.0477934 | 2499.57 -1986.67
-46.4956 -61.966 | -0.2498 0.782079 | -405.375 1686.06
-59.5698 -18.7301 | -0.490651 0.29461 | 352.346 -671.277
52.0462 -62.7865 | -0.245468 -0.357617 | 2.72848e-12 -8.6402e-12
57.2816 -27.1112 | -0.798651 -0.227866 | 411.831 -2127.42
55.8577 -52.2946 | 0.0891756 0.220651 | 9.09495e-12 2.72848e-12
-90.5242 8.86233 | -0.638367 -0.33691 | 1.81899e-11 1.04592e-11
27.7987 -88.9975 | 0.106204 0.511449 | -3.63798e-11 1.84457e-11
73.4857 -43.0197 | -0.707557 -0.149654 | 41.9885 -456.045
60.3804 9.77556 | -0.147611 -0.965909 | 618.5 785.384
-66.6015 -44.4221 | -0.229367 -0.330816 | -34.1286 -49.8504
-79.0743 45.4928 | 0.159536 -0.25165 | 173.43 -37.1038
30.1332 -86.7506 | 0.0765366 -0.0375147 | -4.77485e-12 3.18323e-12
-72.0578 43.9782 | 0.660926 -0.376189 | 245.846 -1869.72
12.5004 -46.0831 | 0.173357 0.455481 | 88.7607 247.151
-12.2201 -28.0431 | 0.290887 -0.220781 | 116.408 204.471
51.0354 40.5886 | 0.539507 0.0578847 | -53.5957 -163.45
-14.6254 80.3179 | 0.817527 -0.323024 | 630.958 621.768
-22.2996 -62.2628 | 0.753961 -0.220901 | -7.27596e-12 4.3201e-12
-62.2074 -49.4317 | -0.938855 -0.177195 | 237.415 80.7986
51.1812 -74.7994 | -0.115098 -0.351315 | 512.04 633.071
45.957 20.78 | -0.452699 -0.0605479 | 97.9163 -1141.26
-59.6844 -51.3284 | -0.456308 -0.250044 | 45.2988 111.903
13.8988 55.76 | 0.203892 0.0540464 | 6.36646e-12 7.27596e-12
-25.8072 31.257 | 0.367382 -0.709983 | -1.81899e-12 4.54747e-12
48.8133 75.1232 | 0.841004 -1.21028 | -1.90994e-11 5.45697e-12
65.0939 33.3002 | -0.00301634 -0.37672 | -1.63709e-11 1.72804e-11
14.0824 10.315 | -0.242159 0.545568 | -3.63798e-12 3.63798e-12
-59.9024 -59.0875 | -0.00920927 -0.0929093 | 60.7455 28.2215
-76.5844 -18.935 | 0.148622 -0.173371 | -506.186 294.022
32.3427 -83.1953 | 0.328436 -0.418504 | -1.27329e-11 3.63798e-12
4.40986 -22.5123 | -0.740698 0.595915 | -4.54747e-12 0
47.5127 8.98269 | -0.027971 -0.730705 | 2.80672 -40.9058
-20.2737 0.200938 | 0.121523 -0.0846291 | 2.24819 164.849
56.9887 19.4491 | 0.0677495 -0.0609856 | -302.385 580.468
-55.2285 79.212 | -0.385541 0.286745 | -1.63709e-11 1.13687e-13
3.34754 -96.3418 | -0.410727 -0.0776004 | -1.36424e-11 2.91038e-11
38.6806 81.1446 | 1.22711 -0.447857 | -1.81899e-12 -1.81899e-12
1.14843 30.367 | -0.272083 -0.194728 | -7.27596e-12 -4.77485e-12
-39.7419 -61.6378 | 0.0911086 0.199313 | 405.375 -1686.06
-31.9609 -32.1433 | -0.392649 0.0902535 | 6.82121e-12 -2.72848e-12
74.2317 3.87202 | -0.203065 0.504157 | 3.40987 242.923
-62.7542 13.9063 | 0.120973 -0.224729 | -668.212 844.747
40.0427 -1.4775 | -0.299517 -0.564297 | 91.2554 -511.868
61.2917 -55.089 | -0.387852 0.126136 | 1.81899e-11 -7.27596e-12
-65.9565 -18.0869 | -1.06927 -0.0356654 | -663.064 -1871.6
47.0902 48.0733 | 0.345604 0.146223 | 53.5957 163.45
-77.7146 10.449 | 0.0624084 -0.466069 | -640.833 537.036
