41.8306 23.5488 | -0.00411429 0.110185 | 77.7118 328.699
-31.9682 -87.2555 | 0.808573 -0.647511 | -1181.52 -1524.3
-22.7114 -20.88 | 0.34104 -0.0345428 | 649.789 604.49
30.9936 49.7317 | 0.00809379 -0.157882 | -463.709 8.91082
23.2435 5.60881 | 0.126367 -0.210737 | 705.304 929.386
44.9687 -23.0758 | -0.113442 -0.00588433 | -15.7724 416.797
-28.6185 60.9969 | 0.261835 -0.312893 | 26.5372 -65.3019
-62.7623 43.1594 | -0.383492 0.436575 | 1169.11 -681.363
39.0936 -0.516344 | -0.116153 0.443791 | -9.09495e-13 -1.36424e-12
-11.4805 2.1499 | 0.0676971 -0.156156 | -9.65563 -11.6417
68.9287 -45.3209 | -0.157586 -0.486892 | -659.152 196.113
-12.3257 -63.7628 | -0.140441 -0.437187 | -180.986 -2976.25
-56.7603 -30.5054 | -0.0540692 -0.622765 | -808.075 -418.044
-55.3357 -44.6131 | -1.25509 0.276907 | -1017.23 -1194.09
-52.1387 35.29 | -0.48389 -0.57159 | 297.798 -634.024
7.50486 72.5325 | -0.245876 -0.199281 | -28.1283 31.6189
-12.8051 -58.2383 | 0.0206348 -0.22283 | -299.239 1218.65
-71.7307 -45.8338 | -0.32828 0.556172 | -3.63798e-12 -1.36424e-11
-2.05586 -53.1578 | -0.0168506 -0.0285124 | -59.7865 -45.8633
-37.1944 -64.6134 | -0.115153 0.115909 | 147.176 130.649
-37.8915 51.3956 | 0.635106 0.588045 | -624.237 2341.5
30.5856 -30.6871 | 0.397151 -0.149355 | -2.72848e-12 -1.36424e-12
-55.4163 -55.9378 | -0.310163 -0.428211 | -64.2166 43.6734
57.8759 33.9702 | 0.238925 -0.171836 | 356.577 -858.716
-32.059 -32.2184 | -0.270673 -0.374126 | -7.27596e-12 3.63798e-12
-68.4399 -4.3488 | -0.460251 0.516466 | 24.8426 1367.2
-41.385 -37.5328 | -0.0256426 0.067044 | 236.752 335.192
30.1033 -65.3205 | -0.0468038 0.743611 | 675.099 2530.8
38.8456 19.221 | -0.226546 0.0924569 | -1014.58 -1469.05
25.3655 -68.1231 | -0.317781 -0.0896474 | -612.725 -703.52
8.66024 53.2865 | 0.0139681 -0.144412 | 14.6052 41.8595
-54.9284 52.4847 | -0.39794 0.160258 | 546.051 -2469.33
28.3145 67.4816 | -0.601826 -0.00629345 | 1790.58 -3530.8
-43.9933 58.7 | 0.353141 -0.604278 | 581.887 887.963
7.65986 69.6604 | -0.230546 0.614437 | 473.317 2991.65
25.5312 47.3475 | 0.63958 0.604512 | -365.5 -896.147
-14.9305 71.005 | 0.15446 -0.414156 | 1.32917 2.22593
33.2307 65.998 | -0.118942 -0.19347 | 94.9463 16.2269
18.2783 41.3806 | 0.170456 0.225181 | 10.1872 -60.8266
-24.4526 28.6026 | -0.508867 0.0917291 | -11.5817 39.1135
-32.6249 84.8962 | -0.0574526 0.220452 | 248.076 -805.235
-30.7265 21.95 | -0.115605 0.708455 | 2058.18 -2143.74
39.4313 -6.23192 | 0.151193 -0.0541318 | 9.09495e-13 -9.09495e-13
89.5642 -31.007 | 0.426085 -0.72956 | 16.4682 17.7841
-48.2504 -9.86375 | -0.290199 0.0660483 | 3.88947 -221.417
56.9852 -34.2549 | 0.479793 -0.178843 | 595.91 1122.95
-2.45651 -8.17932 | -0.250718 -0.0529571 | 1.45519e-11 4.54747e-13
31.9401 -56.3884 | 0.0811983 0.289526 | 59.7865 45.8633
9.68271 -26.693 | 0.183034 0.108617 | 7.7307e-12 3.18323e-12
41.5792 26.6696 | 0.167673 0.407779 | 377.769 235.6
-5.34265 93.241 | 0.429467 0.195764 | -148.496 486.481
-54.9987 -18.7331 | 0.230698 -0.0196913 | -680.702 1610.12
-35.1644 10.4648 | 0.574559 0.116703 | 418.661 2118.98
-15.0338 19.3578 | 0.250392 0.440101 | 367.405 -282.238
-28.3306 -16.3512 | 0.223019 -0.00308082 | 680.702 -1610.12
-61.6992 -45.8631 | -0.155633 0.606312 | -1.42109e-12 5.45697e-12
26.1066 -25.6708 | 0.180362 0.591568 | 3.18323e-12 -1.59162e-12
-44.6904 19.2616 | 0.161655 0.160183 | -2044.08 2159.11
-29.6585 54.4976 | -0.525889 0.150926 | 1.68257e-11 4.09273e-12
-12.1502 -26.3131 | -0.0439427 -0.130483 | 5.10353 -98.6631
5.98195 86.0674 | 0.110154 -0.285713 | 9.09495e-12 1.02318e-12
60.4248 -14.696 | 0.489856 -0.0628902 | 21.8569 573.506
15.3016 -41.1767 | 0.387887 -0.074065 | -2.6148e-12 -7.7307e-12
32.5164 2.63827 | 0.353255 -0.602591 | -1707.15 -2097.41
2.45094 37.366 | 0.48475 0.48286 | -1459.76 -4446.05
47.8901 -10.0738 | 0.164291 -0.277384 | 265.497 -413.565
13.6687 -90.4715 | 0.894484 -0.439456 | 5.45697e-12 -1.45519e-11
-51.3436 -24.3781 | 0.113108 -0.373424 | -664.315 -541.833
-62.7981 -40.0121 | -0.438679 0.353834 | 1512.63 30.1532
53.9116 8.1345 | -0.000268078 -0.0266611 | -3.18323e-12 -6.36646e-12
-30.5419 -84.7329 | 0.463713 0.0661547 | 1181.52 1524.3
-22.2932 -62.038 | -0.288253 -0.477767 | -502.534 1815.85
-27.3703 -59.3106 | -0.32782 0.682333 | 299.239 -1218.65
-15.8696 -13.666 | 0.149312 -0.286804 | 1.00044e-11 0
70.6519 26.6023 | -0.025696 -0.133395 | -106.154 -1289.35
53.5502 36.0632 | 1.10112 0.104387 | -1162.38 -894.372
71.32 23.2969 | -0.0665199 0.219345 | -1.02318e-11 -5.45697e-12
-71.6898 46.7474 | 0.0704407 -0.637295 | 94.8972 221.53
-44.5805 11.9722 | -0.225745 -0.560189 | -257.354 226.961
-58.9185 -35.0035 | -0.435025 -0.48425 | 22.2617 26.6874
-25.4336 -31.3544 | -0.0768646 -0.565543 | -5.45697e-12 -2.27374e-13
55.1009 -23.2698 | 0.514866 0.238064 | -226.146 -65.0179
-24.7235 -36.2817 | -0.181475 -0.281769 | 808.075 418.044
-66.4741 23.5163 | 0.304393 0.120818 | 8.75389e-12 2.72848e-12
59.101 51.8307 | 0.623708 -0.0134128 | -31.9607 -58.6696
-27.5899 25.6085 | -0.411964 -0.205446 | 7.3977 -34.7761
-35.4345 71.4359 | 0.106159 0.362574 | -5.45697e-12 2.72848e-12
71.6707 13.1413 | 0.255423 -0.383771 | -1000.42 -845.042
59.9163 -61.5139 | 0.16582 0.101315 | -5.79493 48.6839
10.4077 15.4961 | 0.179444 0.258628 | 202.596 252.83
-11.2832 84.8634 | 0.120388 0.381578 | 181.43 -553.46
-69.2546 45.1803 | -0.801738 -0.76621 | -1264 459.833
13.7894 10.87 | -0.358705 0.538563 | 5.45697e-12 -9.09495e-12
22.2283 -70.4127 | -0.24938 -0.18175 | -1.04592e-11 -4.67537e-12
47.9151 73.2845 | -0.273021 -0.339532 | -678.357 -773.51
67.0699 30.0897 | -0.0869468 0.732283 | 106.154 1289.35
58.1419 -40.613 | -0.254244 0.101772 | -379.223 -2071.97
-9.44354 -73.4287 | 0.0529402 -0.172909 | -229.164 849.056
81.4963 6.49404 | -0.177696 0.0135048 | 975.637 819.804
22.3885 70.1395 | -0.0222587 0.327418 | 291.559 1574.6
-36.3517 -75.1011 | 0.0907077 0.207011 | -0.13086 -6.78076
-18.5614 56.3126 | -0.259744 -0.33136 | -581.887 -887.963
58.3391 58.168 | -0.099939 0.108207 | -604.152 -1477.89
-41.0141 -66.9272 | 0.446826 -0.349847 | -118.544 -859.663
-24.6703 -18.5592 | 0.33656 0.371141 | 9.42196 36.0057
-54.2659 -9.51937 | -0.114049 0.754426 | -3.88947 221.417
-63.9068 13.585 | -0.364713 0.63122 | 19.9827 -134.705
8.83478 -57.7075 | 0.311286 0.185106 | 1.18234e-11 -5.45697e-12
3.11861 -49.011 | 0.280639 -0.0343078 | 1.36424e-12 3.41061e-12
-48.8726 13.0513 | -0.0674886 0.256581 | -85.6584 59.2215
18.1603 57.6277 | -0.478015 0.269305 | -4.77485e-12 -7.27596e-12
-76.3392 29.5024 | 0.229697 -0.111858 | -148.592 675.138
-25.6746 89.3774 | 0.00577094 0.0709017 | -281.01 872.214
-30.4553 -55.7222 | 0.141051 0.091138 | 74.2972 -69.4207
-56.536 39.1745 | -0.627678 -0.174775 | -27.7254 38.4772
59.7346 -58.2837 | -0.297312 0.397942 | 348.372 -363.969
50.7998 -7.43313 | -0.041749 0.836706 | -265.497 413.565
70.8892 -26.6677 | 0.215285 0.0397401 | -16.4682 -17.7841
48.089 -52.2415 | -0.265831 -0.860621 | 9.09495e-12 -4.54747e-12
-48.208 38.185 | -0.783567 -0.0509027 | -121.481 -79.5912
-39.967 66.9731 | -0.143415 -0.0591612 | -565.882 983.901
-40.5925 76.6726 | -0.541871 0.4431 | 0 -9.09495e-13
46.2723 -69.5511 | -0.626397 -0.0896283 | 626.94 -715.568
32.3687 76.8536 | -0.1459 0.0435826 | -471.726 -2957.97
-20.6917 -0.623183 | -0.113746 0.212785 | -9.09495e-13 1.31877e-11
-12.0499 -79.9352 | -0.199547 0.46166 | -1.09139e-11 1.81899e-12
27.556 -33.9304 | 0.317892 0.015471 | -210.422 646.244
44.521 -41.4067 | 0.376425 0.627523 | 35.7811 336.961
-81.9669 8.5133 | 0.14977 0.451137 | -1012.25 5560.85
69.5677 51.7273 | -0.278352 0.182417 | 26.8746 2.17867
12.9431 -80.6513 | -0.345857 -0.0849208 | 489.445 -23.646
-6.75893 31.8615 | -0.250773 -0.326738 | 3.63798e-12 -4.54747e-13
50.8994 4.69501 | -0.349158 0.0309733 | 1356.96 1718.31
62.0227 -30.4307 | -0.364568 0.254221 | -50.2135 -165.081
47.1195 45.388 | 0.586596 0.368116 | 9.09495e-13 -2.72848e-12
-26.3871 43.5287 | -0.553532 0.411783 | 1449.57 4506.87
-57.0889 -8.25245 | -0.351978 0.167625 | 9.09495e-13 -9.09495e-13
-27.3048 -81.8822 | 0.889189 0.242645 | 7.27596e-12 -2.72848e-12
-57.7472 30.4955 | -0.299591 -0.255977 | -66.2025 -1025.9
43.3292 12.8213 | 0.15155 0.302834 | -5.45697e-12 -2.27374e-12
21.9157 -44.4756 | -0.0289183 0.259597 | -3.63798e-12 1.00044e-11
82.0889 9.20778 | 0.76853 0.0514207 | 24.7869 25.2386
75.4041 38.7815 | 0.233308 0.0158564 | 5.52286 -53.3545
51.012 -45.307 | -0.504525 -0.138107 | 0 -9.09495e-13
73.6084 -45.6503 | -0.0116318 -0.421252 | 310.78 167.857
-30.9171 65.1027 | -0.408257 -0.150679 | 564.553 -986.127
18.7925 27.3331 | 0.51544 0.0258392 | 546.151 979.126
-76.6846 24.5171 | 0.0704012 0.366387 | 66.4707 1027.08
-3.84292 -72.4253 | 0.0297788 -0.114692 | -123.174 -137.033
38.8167 -50.7718 | -0.545618 -0.262149 | 1.81899e-12 8.18545e-12
50.0866 13.8282 | 0.132577 0.506376 | 14.1789 -122.31
56.7364 69.0896 | 0.024444 0.432548 | -1484.32 2786.52
50.4941 62.0406 | 0.0936261 0.649474 | 620.38 1542.89
31.3781 -77.056 | 0.374064 0.10487 | 1.09139e-11 -3.63798e-12
57.9011 49.6986 | -0.0334548 0.441607 | 818.067 878.726
-64.5834 1.29698 | -0.604845 -0.738673 | -6.04654 -19.7991
-35.0561 18.6407 | 0.335085 0.184681 | -28.2636 -3.86028
-44.6557 -41.039 | 0.116342 -0.227216 | -754.414 802.058
-43.6422 54.3376 | -0.126913 0.136986 | 78.1862 127.823
22.2536 82.8106 | 0.196529 -0.146921 | -1.97247e-11 6.36646e-12
-74.9988 37.171 | 0.2633 -0.472323 | 5.45697e-12 4.54747e-12
60.0658 -18.5357 | -0.454035 0.21006 | 4.09273e-12 -7.7307e-12
46.8908 -3.18892 | 0.0630839 0.163953 | 3.63798e-12 2.27374e-12
-25.0951 31.0015 | -0.417818 0.44953 | -7.55639 112.298
-9.45599 95.6331 | -0.1847 -0.0775575 | -3.41061e-11 1.81899e-12
-58.0769 -50.5094 | -0.524297 -0.0922303 | 0 -3.06954e-12
13.7869 -72.9829 | 0.296921 -0.193319 | 93.7703 527.038
28.7699 11.6544 | 0.0246435 -0.0545679 | -202.596 -252.83
27.8182 33.432 | -0.276056 -0.49116 | 38.3142 -58.1217
46.4438 64.7454 | -0.00916201 0.162034 | -14.3998 -73.0327
17.56 86.3026 | -0.278383 0.123897 | 1.81899e-12 -1.45519e-11
34.8842 -83.1987 | -0.160084 -1.19576 | -260.617 -478.367
21.3745 -17.2896 | 0.0845746 -0.0551935 | -21.8569 -573.506
-12.9171 4.21096 | -0.493117 0.391829 | -28.3396 -16.2805
96.4267 0.864582 | -0.0828066 -0.0138128 | 2.47837e-11 -2.09184e-11
-44.5938 -69.8618 | 0.107262 0.317443 | 1.23896 -1.25433
-42.4945 73.5091 | 0.268875 0.142822 | 7.27596e-12 3.63798e-12
-19.7304 -93.4219 | -0.0102884 0.198938 | 1.45519e-11 -2.72848e-11
8.72968 -43.5205 | -0.529118 -0.44382 | 5.00222e-12 -6.82121e-13
-57.6471 -5.11609 | -0.123177 -0.160027 | 3.63798e-12 1.36424e-12
-18.9241 13.0744 | 0.52653 0.156515 | -418.661 -2118.98
-50.4733 -14.0702 | -0.392437 0.431922 | -4.09273e-12 3.63798e-12
-71.6174 -8.29496 | -0.0654619 0.745821 | -24.8426 -1367.2
-95.8616 -2.40736 | 0.343963 0.343452 | -1.45519e-11 0
3.82581 50.2714 | -0.406345 -0.876897 | -14.6052 -41.8595
78.9653 1.4345 | -0.44409 0.129012 | -1.23569 47.9362
-72.6288 -51.2845 | -0.618814 0.354567 | -10.0806 25.7473
-31.6237 79.527 | -0.226605 -0.523051 | 1.03455e-11 -4.54747e-13
3.0296 4.06301 | -0.155693 -0.876371 | 37.9952 27.9222
-79.6325 8.43562 | -0.00925886 0.0552728 | 1012.25 -5560.85
60.255 37.7788 | 0.811483 0.0781985 | 767.485 1811.21
-45.4291 -75.5021 | -0.0112117 0.00734677 | 6.36646e-12 2.13731e-11
74.7245 41.127 | 0.110633 -0.241916 | -5.52286 53.3545
58.636 -26.8505 | 0.0452768 -0.0749762 | 250.086 -220.888
-77.703 4.01969 | -0.440584 -0.0862238 | -12.6944 21.2252
69.3318 -2.26872 | -0.24793 0.410375 | -355.114 -550.289
