11.8802 14.5803 | 0.305813 0.717407 | 2.27374e-12 9.09495e-13
39.8855 -50.4894 | -0.361093 -0.685145 | -84.5989 720.802
-22.5277 -44.632 | 0.259325 0.155379 | 3.18323e-12 2.72848e-12
-15.2301 76.6121 | 1.01469 0.448323 | -9.09495e-13 1.26761e-11
59.723 22.0322 | 0.281081 0.33709 | -1.59162e-12 3.18323e-12
-16.3156 87.9857 | -0.452974 -0.485431 | -4.54747e-12 1.81899e-12
-33.4949 88.9302 | -0.339411 -0.287896 | -12.2273 -15.7581
-39.5216 77.9744 | 0.115952 0.352536 | -1.27329e-11 5.45697e-12
-16.3393 10.1393 | -0.461223 -0.054551 | 1.00044e-11 -1.81899e-12
28.6439 78.5368 | 0.81584 1.0813 | -13.8565 -167.594
-53.4361 -55.4929 | -0.540847 1.5201 | 282.564 3585.5
67.842 44.3153 | -0.394828 0.150254 | 191.143 196.498
70.3084 66.2414 | 0.383164 -0.485158 | -7.7307e-12 0
23.5499 -15.4751 | 0.796627 0.221964 | -6.73595e-12 -4.77485e-12
-5.0358 -75.9061 | -0.263894 -0.731158 | 3.29692e-12 2.6148e-12
-32.1897 35.0132 | -0.049725 -0.027091 | 6.05532 -8.54248
81.897 14.099 | -0.155828 0.47774 | 169.71 176.382
13.496 62.8712 | -0.163009 0.307337 | -1.02052e-12 -1.36424e-12
75.5207 -16.6019 | -0.00996372 -0.212391 | -669.441 1535.57
18.1639 34.4128 | 0.082349 0.188573 | 5.00222e-12 7.27596e-12
-6.24009 -35.7646 | 0.0675823 -0.52423 | 5.45697e-12 1.81899e-12
83.5949 3.00166 | 0.27585 -0.467782 | -169.71 -176.382
52.4171 53.8265 | -0.380649 1.08765 | -7.27596e-12 -2.72848e-12
-46.6405 51.5772 | 0.320089 -0.300462 | 139.256 442.63
80.8039 32.7095 | 0.155131 0.0668069 | -191.143 -196.498
-13.8639 33.8076 | 0.279362 0.577184 | 4.54747e-12 5.00222e-12
47.4506 49.796 | -0.28148 -0.123538 | 8.41283e-12 -3.63798e-12
74.4217 -24.4141 | -0.0396345 0.115789 | 894.077 -1872.9
33.6629 15.208 | -0.312559 0.0528216 | -9.09495e-13 -9.09495e-13
51.924 -43.8062 | -0.0221255 -0.12349 | -19.243 -26.3307
-75.6714 15.5647 | 0.12218 -0.199488 | 1.81899e-12 -3.35376e-12
21.3485 56.5873 | 0.589253 1.21623 | 6.13909e-12 9.09495e-13
-76.6291 29.5559 | 0.791416 1.00653 | -6.36646e-12 -4.54747e-13
-80.7534 11.7848 | -0.7562 0.0658099 | -221.986 -58.5331
20.8558 -82.8436 | 1.01677 -0.681105 | -1297.67 1067.13
-26.7097 -53.675 | 0.567341 -0.58985 | 690.216 1449.38
51.4366 -1.88239 | -0.580987 0.138847 | -3.18323e-12 7.7307e-12
5.97522 85.0193 | 0.514127 0.699369 | 267.83 999.375
-25.9911 -75.5789 | 0.500424 -0.861176 | -351.522 856.439
-51.8401 47.3955 | 0.605928 0.0955026 | -145.312 -434.087
-23.4424 18.3415 | -0.818128 0.184653 | 7.27596e-12 1.81899e-12
8.99145 -95.7703 | 0.345017 0.216906 | -7.27596e-12 2.27374e-12
36.5148 27.0599 | 0.271385 0.513518 | -4.14923 -113.257
-72.1653 -27.8127 | 0.804754 -0.0793331 | -66.2407 204.704
-55.7041 24.5429 | -0.370616 0.0937054 | -6.60805e-13 5.22959e-12
-48.8522 -32.2202 | -0.0345854 -0.919397 | 66.2407 -204.704
-0.350833 68.289 | 0.235921 0.860762 | 14.3248 -15.1048
73.9831 -41.4489 | 0.498012 -0.368129 | -103.659 -327.563
75.9303 51.7711 | 0.763851 0.154671 | -1.04592e-11 -9.09495e-13
4.32131 1.38339 | 1.02298 -0.0154261 | 1.13687e-11 -7.95808e-13
86.0782 20.935 | -0.0566523 0.0232928 | 1.50635e-12 5.22959e-12
25.2335 90.9772 | -0.22569 0.242959 | 3.63798e-12 1.45519e-11
9.62699 -68.1937 | -0.570994 0.383366 | 1.81899e-12 -2.72848e-12
9.46853 92.5932 | -1.06119 0.566997 | 40.018 127.479
-69.0109 -3.71564 | 0.651809 0.165801 | -1.36424e-12 4.43379e-12
-5.04553 -92.5353 | 0.563706 1.14811 | 1.90994e-11 4.54747e-13
-62.2627 -47.9991 | -0.159193 0.957215 | -690.216 -1449.38
-14.8732 48.4372 | 1.14047 0.51996 | -9.09495e-13 1.81899e-12
-24.787 75.2284 | 0.365077 -0.817309 | 429.682 -1814.03
-12.6993 -85.1287 | 1.01517 -0.517623 | 7.50333e-12 -1.81899e-12
80.0419 -2.11779 | -0.457828 0.98079 | 12.3896 -8.7571
36.1908 71.6502 | 0.791435 0.164359 | -5.45697e-12 5.17275e-12
-70.7204 -48.0132 | 0.351993 0.621411 | -282.564 -3585.5
-87.9645 29.3384 | 0.897229 -0.0933346 | 221.986 58.5331
-41.6412 -87.2439 | -0.037854 -0.884032 | -1.09139e-11 0
2.93576 -2.4413 | 0.174624 0.523783 | 2.72848e-12 -3.18323e-12
49.1415 -38.4595 | -0.17243 0.0499716 | 19.243 26.3307
-60.2504 57.5236 | -0.00102925 0.0215051 | -757.244 776.703
-53.8003 -77.6891 | -0.957317 0.435436 | 351.522 -856.439
-59.6168 -66.2903 | 0.420399 0.944939 | -171.431 -156.826
8.27363 -43.388 | 0.0989151 0.0277137 | -31.8718 -58.2793
8.79673 -52.108 | 0.418727 -0.370701 | -5.45697e-12 5.91172e-12
-55.6752 -59.9856 | 0.512258 0.171577 | 238.873 186.276
-75.7421 -12.6086 | 0.445117 0.183587 | -309.841 -12.2193
22.6639 -87.6869 | 0.020939 0.217072 | 1297.67 -1067.13
29.3249 -60.785 | 0.0835459 0.0506531 | 116.471 -662.523
36.3648 -20.6975 | 0.658117 -0.646523 | 4.09273e-12 4.3201e-12
7.25988 43.4315 | -0.316289 0.841037 | -5.00222e-12 -4.3201e-12
-41.3265 -70.442 | -0.541807 -0.190492 | -67.4419 -29.45
57.2618 5.74631 | 1.01955 0.103409 | -12.3896 8.7571
58.7231 -31.9964 | 0.480406 -1.04189 | 6.82121e-13 -1.13687e-12
15.6709 26.1279 | 0.216975 0.109662 | 4.14923 113.257
44.1832 -7.38176 | 0.698054 -0.941489 | 6.36646e-12 -1.13687e-13
-10.4746 -11.1187 | 0.504303 0.253707 | 5.45697e-12 -2.50111e-12
54.2747 -24.2098 | 0.284795 0.0457445 | -120.977 664.893
-12.375 -23.8017 | 0.146662 -0.780248 | 3.18323e-12 -8.18545e-12
-61.5776 39.2631 | -0.147655 -0.457809 | 31.9404 -73.7703
54.6495 72.5623 | 1.41228 0.145324 | 13.8565 167.594
-41.4478 -9.45996 | -0.465203 0.0868493 | 377.757 351.929
35.1051 -87.1284 | -0.194504 -0.199099 | -9.09495e-12 -3.37508e-12
62.417 -66.1493 | 0.535503 0.31238 | -7.27596e-12 -1.54614e-11
-27.3048 -33.0553 | -0.413949 -0.491686 | -5.00222e-12 3.86535e-12
-66.1049 22.8426 | 0.208395 -0.0603765 | 6.59384e-12 -5.22959e-12
-66.613 60.6882 | -0.858316 -0.289378 | 1.31877e-11 0
-40.0766 58.9008 | 0.562343 0.625979 | -14.3248 15.1048
-71.88 -19.5622 | -0.459496 -0.362193 | -67.9161 -339.71
34.663 -64.5742 | 0.359144 -0.287638 | -1.81899e-12 2.72848e-12
83.3772 -38.3743 | 0.104594 0.698463 | 6.36646e-12 1.13687e-11
-38.8605 5.30747 | 0.146382 -0.428229 | -1.36424e-12 -6.36646e-12
-69.8589 -39.4798 | 0.447698 0.359143 | 9.54969e-12 2.27374e-12
