-0.520298 -64.3353 | -0.0361088 -0.274501 | 1.81899e-12 -2.27374e-12
-17.2024 62.3239 | 0.455111 0.0418966 | 4.54747e-12 9.09495e-13
34.808 -15.7027 | -0.167482 -0.425611 | -709.675 -718.511
-71.2521 -30.4467 | 0.258041 0.393232 | 3.63798e-12 2.6148e-12
-20.1529 -45.3454 | -0.330352 -0.207472 | 65.585 644.767
-9.93967 -92.5651 | -0.105477 -0.293684 | -11.4785 -211.558
54.4766 -1.57989 | 0.103743 0.479488 | 5.45697e-12 0
-16.4983 -32.9184 | 0.565776 -0.497794 | 4.54747e-12 -5.45697e-12
50.8545 69.2421 | 0.332073 0.192492 | 126.854 -167.659
-53.1635 13.24 | 0.298351 -0.333886 | -2.27374e-13 -2.38742e-12
15.3549 91.1125 | 0.797395 -0.35589 | 9.09495e-13 -1.81899e-12
-7.41196 2.30597 | 0.566326 -1.01592 | -5.45697e-12 -5.00222e-12
2.3586 -67.3749 | -0.136484 -0.443979 | 98.9202 236.08
-85.3722 9.28631 | -0.0333217 0.62579 | -3.63798e-12 3.18323e-12
27.3897 82.358 | -0.307057 -0.400783 | 3.63798e-12 1.22782e-11
-75.5963 34.2987 | 0.485865 -0.331825 | 94.3512 61.8138
-74.1156 -21.0554 | -0.885514 -0.0442772 | 1.18234e-11 -1.36424e-11
-4.9063 56.0271 | -0.516793 0.249077 | 1.81899e-12 6.30962e-12
65.9908 36.2491 | 0.235209 -0.220062 | 172.823 1078.31
91.121 -17.3097 | -0.373935 -0.368546 | 1.81899e-12 1.81899e-12
42.2655 -14.7303 | -0.898424 0.439905 | 39.056 89.9596
-27.9523 -23.7528 | 1.09329 0.227898 | -1.13687e-12 -2.50111e-12
52.3616 29.3888 | 0.265832 0.779674 | -4.09273e-12 -1.81899e-12
33.1449 -23.9709 | -0.729201 0.0448683 | 231.663 -174.198
29.518 -49.6101 | 0.0169958 0.227157 | -4.09273e-12 2.27374e-12
-15.0398 -52.4401 | -0.0933488 0.199734 | 210.462 -397.902
-50.7642 -13.7641 | -0.291823 -0.481922 | -3.63798e-12 -6.16751e-12
-78.9702 44.3974 | -0.429598 0.0156864 | -132.14 -23.2792
1.02188 -44.2053 | 0.207431 -0.0979519 | 2.72848e-12 4.3201e-12
62.2603 -23.0734 | -0.0173737 0.189394 | -2.04636e-12 4.54747e-13
20.3402 -59.6467 | 0.863193 -0.0308513 | -16.5717 -40.8476
-93.3604 2.0785 | -0.311054 0.785854 | 1.09139e-11 2.72848e-12
-1.83994 -13.8089 | -0.373705 0.430393 | -5.68434e-13 -5.91172e-12
59.8876 0.872088 | -0.035195 -0.67481 | 9.09495e-12 -8.18545e-12
10.1408 32.7664 | 0.58713 0.198565 | 3.18323e-12 4.54747e-13
-6.73517 88.7812 | 0.252187 0.181207 | 156.97 949.679
8.51411 96.3978 | 0.378504 -0.637868 | 2.36469e-11 1.11413e-11
17.6855 64.8369 | 0.089907 -0.49875 | 9.09495e-12 9.09495e-13
-52.6463 62.9006 | 0.305346 -0.0415879 | 548.521 -1245.27
19.8734 -46.028 | 0.130834 -0.335761 | 4.54747e-12 -6.82121e-12
-52.1995 31.6733 | 0.262605 -0.352174 | 37.7885 -38.5346
-24.4437 49.4868 | 0.870165 0.0207429 | 0 4.77485e-12
72.888 -3.03841 | -0.454267 0.227255 | -9.09495e-13 2.04636e-12
-45.4303 -50.8538 | -0.276043 -0.0521958 | -259.475 -206.018
86.673 28.5954 | 0.205376 -0.231272 | 5.45697e-12 2.27374e-12
29.3074 22.0533 | -0.719585 0.0865967 | 3.63798e-12 9.09495e-13
-56.2467 -3.6514 | 0.354314 0.425037 | 5.00222e-12 -2.72848e-12
38.857 59.6342 | 0.396303 -0.50985 | -3.41061e-13 5.07328e-12
66.3962 -40.3451 | -0.470351 0.219962 | 670.619 628.552
-44.5851 -55.8249 | 0.0450697 0.311632 | -1.63709e-11 -1.81899e-12
31.246 52.5964 | 0.126961 -0.558464 | -3.06954e-12 -2.72848e-12
83.0207 17.6756 | 0.22561 0.586651 | -814.32 -1530.44
-45.3097 26.1949 | 0.695088 -0.316344 | -6.82121e-12 1.72804e-11
15.2193 46.1063 | 0.42583 -0.241371 | 7.27596e-12 5.45697e-12
-17.5376 5.84551 | 0.321304 -0.0627913 | -2.72848e-12 -7.95808e-12
-2.43757 -95.9283 | 0.339445 0.518096 | 38.5189 -53.0515
37.7172 54.914 | 0.0518968 -0.32407 | -9.09495e-12 -3.63798e-12
39.03 -87.0475 | 0.242068 0.491769 | -7.27596e-12 2.00089e-11
2.80398 -76.0879 | 0.296603 0.866897 | -19.5994 -113.066
15.2271 -23.8194 | 0.816247 0.491752 | 3.63798e-12 -7.38964e-12
-54.9894 -34.2206 | -0.0548717 0.395121 | -1.81899e-12 -1.04592e-11
-30.6977 67.2272 | -0.61486 -0.975041 | -548.521 1245.27
23.7836 -81.8548 | 0.0774354 -0.186379 | 4.54747e-12 -2.72848e-12
-51.6493 -38.0284 | 0.327215 -0.659334 | -7.27596e-12 1.36424e-11
73.4845 15.1977 | -0.538343 -0.528939 | 0 -1.36424e-12
42.305 -36.5913 | 0.200771 0.146366 | 12.1905 19.5763
-50.7717 6.03672 | -0.0371292 -0.405812 | -5.68434e-12 4.54747e-13
52.6325 13.173 | -0.950282 -0.0445716 | -1.81899e-12 2.27374e-12
1.7112 -17.7871 | -1.03909 -0.106157 | -231.663 174.198
38.0692 78.7173 | -0.268174 -0.318673 | 5.45697e-12 9.09495e-12
-90.0399 16.9108 | -0.560282 0.372536 | 6.0254e-12 9.09495e-13
4.61944 2.27282 | 0.0890205 0.573626 | 7.27596e-12 -6.36646e-12
1.23124 33.6089 | -0.346196 -1.36374 | 7.50333e-12 5.34328e-12
58.4605 -10.6557 | -0.860633 -0.32205 | 19.4476 6.32982
-29.4818 47.5681 | -0.404901 -0.862297 | -9.09495e-13 3.63798e-12
23.3346 3.12564 | -0.919011 0.449047 | 3.63798e-12 -2.04636e-12
-31.513 -68.4482 | 0.197117 0.119383 | -98.9202 -236.08
4.91527 69.0965 | -0.703784 0.0747277 | 2.72848e-12 -1.81899e-12
-23.2753 -73.6349 | 0.0807761 0.0486066 | 6.36646e-12 -8.18545e-12
44.3762 22.3351 | -0.573184 -0.0948078 | 1.81899e-12 4.40536e-12
-34.0083 85.8964 | -0.637025 0.329432 | -3.63798e-12 3.18323e-12
-24.0091 35.0817 | 0.263038 -0.0833623 | -5.45697e-12 -9.09495e-13
-24.658 -77.834 | 0.275903 0.0299159 | 2.95586e-12 -5.22959e-12
-35.1795 81.1121 | -0.464248 0.0437784 | 8.18545e-12 -5.91172e-12
29.9117 75.243 | 0.0566446 0.0969057 | -126.854 167.659
38.1222 -72.5763 | 0.156796 0.793783 | 19.5994 113.066
72.9914 -27.7725 | -0.201648 0.638988 | -19.4476 -6.32982
-43.4452 17.4783 | 0.752865 -0.057402 | -9.09495e-13 6.82121e-12
-63.2101 -65.1897 | -0.569157 0.266192 | -5.96856e-12 1.09139e-11
-16.6463 -11.0971 | -0.395295 -0.104277 | -4.3201e-12 5.00222e-12
52.852 -45.4397 | 0.126001 0.100718 | -12.1905 -19.5763
62.8805 42.2039 | 0.506623 -0.229372 | 641.497 452.131
42.6083 41.4298 | -0.100653 -0.501289 | 1.04592e-11 -2.72848e-12
63.8133 57.6667 | 0.516455 -0.029831 | 1.20508e-11 -2.72848e-12
-22.957 -39.9909 | 0.796488 0.525366 | -1.47793e-11 -4.09273e-12
-6.32597 81.846 | 0.161978 -0.0939544 | -156.97 -949.679
53.7536 -64.4443 | -0.204979 0.303269 | -3.63798e-12 -6.82121e-13
-38.6898 38.7078 | 0.6621 -0.120787 | -3.2685e-12 -3.63798e-12
-39.117 71.9966 | -0.234958 0.446246 | -1.67688e-12 -7.27596e-12
-21.7517 -85.786 | 0.894788 0.31092 | -27.0403 264.61
