-11.512 -63.6417 | 0.70024 -1.17629 | 3841.21 10393
-17.5573 56.2474 | -0.399274 0.27728 | 2.72848e-12 -2.72848e-12
47.9846 -32.6565 | -0.15069 0.205362 | -2.04636e-12 -5.45697e-12
-72.3249 -28.0886 | -1.01574 -1.13569 | -4.20641e-12 -2.72848e-12
-22.9209 -36.9577 | -0.119476 -0.22577 | -1.18234e-11 8.18545e-12
-19.5471 -90.3442 | 0.316607 -0.112212 | -90.1676 427.548
65.7136 -9.80426 | 0.304323 0.6564 | 4.09273e-12 3.41061e-12
-49.3608 -33.7967 | 0.594307 -0.120689 | 1.27329e-11 -9.09495e-12
50.4971 74.0591 | -0.00127953 -0.0623684 | -4.77485e-12 -8.41283e-12
-70.9253 27.7584 | -0.117156 -0.90256 | 120.204 468.964
-1.60589 93.6135 | 0.269821 -0.0198574 | -7.27596e-12 5.22959e-12
-19.3334 16.8699 | -0.532403 -0.294835 | -1.27329e-11 3.63798e-12
13.7308 -62.59 | -0.109081 -0.468265 | -113.087 91.8035
-76.5959 1.12916 | -0.773518 0.52737 | 8.18545e-12 -3.52429e-12
26.0651 88.8386 | -0.0138631 -0.846544 | -2.45564e-11 -2.72848e-12
-78.7915 28.704 | 0.0428817 -0.538982 | -74.6807 26.1187
-71.4861 -20.7886 | 0.750761 -0.174798 | 8.6402e-12 -1.81899e-11
10.4092 55.46 | 0.0708151 -0.370525 | -3.63798e-12 2.27374e-13
46.2229 40.8044 | -0.188053 0.926958 | 4.54747e-12 9.54969e-12
94.7622 -13.9136 | -0.977215 -0.849257 | -1.13687e-11 4.66116e-12
51.6344 -25.3486 | -0.368443 1.02326 | 4.09273e-12 -9.09495e-12
-41.484 -14.0885 | 0.360671 0.0256715 | -2.04636e-12 -3.83693e-12
51.8921 28.2465 | 0.319347 0.110547 | -663.496 539.404
52.3626 -41.555 | -0.0945861 0.126489 | -1.22782e-11 -1.00044e-11
49.5397 -53.6043 | -0.761312 0.61446 | 939.167 484.645
-14.4133 -48.5976 | -0.248803 -1.26634 | -4.09273e-12 -3.52429e-12
-41.9839 -8.74875 | -0.775986 -0.070888 | 9.09495e-12 6.19593e-12
-88.276 27.704 | 0.25603 0.866065 | 1.22782e-11 7.56017e-12
1.92089 -33.0013 | 0.374558 -0.976698 | 1.36424e-12 -1.36424e-12
74.2291 -35.4805 | 0.160368 0.321183 | -113.821 -508.148
0.350961 -54.7504 | 1.063 -0.246257 | -2.72848e-12 1.36424e-12
-80.1864 -14.0002 | -0.733081 0.66445 | 9.09495e-13 3.86535e-12
-6.80227 0.0862735 | -0.0506315 -0.352408 | -2.27374e-12 4.54747e-12
67.6927 -4.88982 | -0.166446 0.044779 | -4.54747e-12 9.09495e-13
-1.80386 29.9777 | -0.210764 0.421316 | -1.81899e-12 -4.60432e-12
-6.5828 87.4657 | 0.320852 0.775103 | 224.198 239.583
-15.8818 95.2949 | 0.73086 -0.504943 | -2.68301e-11 1.18234e-11
25.2168 69.8064 | -0.502673 -0.091408 | 2.27374e-13 7.50333e-12
-56.1717 63.9491 | -0.314842 0.102197 | 1.36424e-12 3.63798e-12
13.3312 -40.6726 | 1.06344 -0.546542 | 6.36646e-12 2.27374e-12
-63.4933 42.3141 | 0.905961 -0.0131753 | 7.27596e-12 1.25056e-11
-35.6349 55.9005 | 0.0933634 -0.128794 | 3.41061e-12 -2.04636e-12
81.6304 -0.064871 | 0.541656 0.40693 | -9.09495e-13 8.18545e-12
-52.321 -55.047 | 0.883443 0.231156 | 1201.76 3567.07
74.9799 47.7584 | 0.601456 -0.137768 | 207.385 386.716
46.7501 16.6458 | 0.247385 0.221768 | 7.7307e-12 -5.91172e-12
-40.9275 5.24059 | -0.375089 0.0336924 | -3.63798e-12 -1.7053e-12
32.1875 59.4724 | -0.0170615 -0.101314 | -4.09273e-12 2.72848e-12
68.3724 -42.9329 | -0.614486 0.212153 | 3.63798e-12 6.36646e-12
-44.8606 -56.6022 | 1.01471 0.0607691 | -1201.76 -3567.07
37.8326 51.8784 | -0.217845 0.194503 | -387.607 -706.093
71.6527 36.393 | 0.451884 0.0374541 | -192.023 -115.289
-49.4409 28.2377 | 0.368329 -0.327028 | 1.27329e-11 1.81899e-12
18.6035 43.0759 | -0.0263076 0.482211 | 9.09495e-13 9.09495e-13
-30.2984 17.6547 | -0.0462221 0.192252 | 6.70752e-12 4.77485e-12
2.45371 -92.6174 | -0.0632822 -0.787891 | 90.1676 -427.548
41.937 55.3453 | 0.62583 0.86713 | 387.607 706.093
31.9583 -86.9826 | 0.253631 0.331398 | 3.63798e-12 -1.63709e-11
-9.52836 -74.9879 | -0.103791 -0.555543 | 2353.3 559.749
-1.51642 -21.2516 | 0.166599 -0.104781 | 5.45697e-12 -6.36646e-12
-62.7655 -36.6925 | -0.3318 -0.40699 | 6.82121e-12 7.7307e-12
-33.615 66.5325 | -0.267692 0.374712 | 7.95808e-13 -9.44667e-12
30.5213 -74.2396 | -0.501506 -0.0897278 | 10.6493 -48.6779
-72.8711 -46.7095 | 0.477457 -0.182012 | 1.81899e-12 6.86384e-12
72.7223 24.988 | 0.231965 -0.445737 | 663.496 -539.404
55.3375 -49.6969 | -0.390926 0.584961 | 4.42707 4.30902
-63.2312 10.4569 | -0.082431 -0.128069 | -45.6578 -496.819
51.771 -1.886 | 1.03221 -0.677872 | 3.63798e-12 2.95586e-12
-0.788015 -4.25845 | 0.318895 -0.427999 | 3.63798e-12 0
35.6151 83.9807 | 0.179088 -0.753887 | 12.513 52.8574
-85.7078 -0.529518 | -0.104829 0.238173 | 1.1994e-11 8.18545e-12
2.38649 14.5366 | -0.166936 0.0424306 | -2.72848e-12 5.68434e-13
-5.41059 35.726 | 0.520051 0.13616 | 3.41061e-12 -2.27374e-13
72.6849 -14.3131 | -0.182944 -0.094977 | 113.821 508.148
-42.5541 55.0648 | 0.451305 0.694324 | -3.75167e-12 -9.66338e-12
28.4448 -4.603 | 0.227838 -0.442398 | 3.75167e-12 2.72848e-12
-43.0799 -64.3181 | 0.346168 -0.378704 | -3865.29 -8113.45
12.1178 71.3827 | -0.187962 0.735533 | -2.72848e-12 -9.32232e-12
-35.1692 -70.3265 | 0.00498727 0.112946 | -1914.98 -1190.85
72.1687 19.4729 | -0.993318 -0.458081 | 7.7307e-12 -6.53699e-13
-14.6041 80.0188 | 0.126449 0.465663 | -737.812 -523.825
-45.7376 42.1908 | 0.979873 0.963784 | 0 -5.68434e-12
-34.9899 -76.505 | -0.334856 0.0690066 | -414.246 -1648.46
-20.1939 76.2451 | 0.434734 0.0206935 | 19.6562 -60.4636
27.2237 82.6206 | 0.438445 0.177397 | -236.711 -292.441
36.2536 -68.9321 | -0.0430031 0.465199 | -10.6493 48.6779
84.3281 -38.5518 | 1.17209 0.26205 | 2.27374e-13 3.63798e-12
-51.9678 23.6241 | 0.576048 -0.657219 | 0.134225 1.73637
-51.5484 -71.7152 | -0.00433472 -0.0584964 | -2.72848e-12 3.29692e-12
-15.7227 6.08526 | -0.0807416 -0.551413 | 1.09139e-11 -4.09273e-12
59.0381 -56.2932 | -0.488848 0.466677 | 147.396 1272.37
61.4058 45.7634 | 0.264017 -0.431338 | 7.67386e-12 3.63798e-12
44.3313 32.4755 | 0.211024 1.01086 | -15.3615 -271.426
56.8564 65.6585 | 0.840846 -0.42359 | -1.11413e-11 0
-52.3555 -49.5562 | 0.0990996 0.00487161 | -5.91172e-12 -2.27374e-12
-2.3011 81.0847 | -0.896864 0.415685 | 718.156 584.288
48.1895 -64.3345 | -0.0492171 -0.272378 | -977.903 -1853.13
-52.8774 52.3033 | 0.0766961 0.0177681 | 4.54747e-12 -5.74119e-12
-47.9711 74.2412 | 0.07564 -0.63418 | -1.81899e-12 0
-42.9392 -81.6893 | -0.0519169 -0.0383303 | 4.54747e-13 4.54747e-12
