63.9109 -68.0161 | -0.188471 -0.0911371 | 3.81988e-11 9.09495e-12
-2.51037 21.2818 | -1.48024 0.0588079 | 8.52651e-14 -3.41061e-12
1.97562 -63.3772 | -0.0368998 0.732237 | -209.056 509.391
-2.46383 87.2531 | -0.197953 0.554062 | 722.757 1392.82
-19.7451 51.5038 | -0.95212 0.397725 | -53.6267 -1086.65
-39.4345 -70.9413 | -0.151643 0.528555 | 4.54747e-13 2.72848e-12
-78.9824 -1.69871 | 0.472157 0.274207 | 34.962 -24.1442
67.2739 -42.4077 | -0.105269 -0.236424 | 7.27596e-12 2.72848e-12
25.6951 73.9635 | -0.187317 0.174162 | -5.34328e-12 -4.54747e-12
-46.8997 81.4203 | 0.248696 0.18198 | 1.81899e-12 7.7307e-12
9.47979 1.54521 | -0.517373 -0.0930171 | 2.16005e-12 -2.27374e-12
-12.465 -28.5627 | 0.215486 0.349236 | 6.29704 286.374
19.1599 38.4803 | -0.719111 0.719885 | 35.9005 -237.181
55.9926 -47.7418 | -0.174798 -0.0704215 | 111.85 1146.47
-93.1939 22.5847 | 0.120709 -0.649963 | -1358.39 842.289
48.8593 72.655 | -0.879917 -0.322852 | 3.27418e-11 1.45519e-11
-34.8151 -25.3311 | -0.58352 0.482859 | -3.63798e-12 2.27374e-12
-50.19 15.6767 | -0.138577 -0.131602 | 7.04858e-12 -9.09495e-13
-47.351 61.6429 | 1.32269 -0.949819 | -26.9568 -67.0864
1.96743 59.1769 | -0.0383657 0.342807 | 0 1.98952e-12
-50.3359 57.7517 | -0.055888 -0.388028 | -3.63798e-12 -2.04636e-12
35.3659 80.6918 | -0.110271 -0.186126 | 9.54969e-12 1.02318e-11
85.4917 11.3809 | 0.109655 0.0776763 | -2.72848e-12 9.09495e-12
-26.6689 39.8646 | -0.079245 0.00353069 | 699.497 -1519.26
-90.082 -19.3484 | 0.667597 0.0430547 | 0 -1.00044e-11
47.2034 13.6541 | -0.625128 -0.638922 | -6.36646e-12 -4.09273e-12
64.3242 -60.0647 | 0.0982725 0.655693 | 0 5.45697e-12
5.9344 -49.8044 | 0.75354 0.885735 | -113.87 -151.748
-45.1067 21.1626 | 0.951191 -0.608244 | 4.54747e-12 3.75167e-12
59.3919 -13.9692 | -0.641574 0.242371 | 3.63798e-12 3.06954e-12
-17.7721 9.55997 | 0.698157 -0.172453 | -1.7053e-13 5.45697e-12
-30.3992 57.4894 | -0.242896 -0.175249 | -1.81899e-12 -8.6402e-12
-11.7898 67.9864 | -0.000969759 0.658529 | 52.5385 -27.8819
-6.39005 77.8473 | -0.179548 -0.46573 | 6.74394 -69.4247
-49.1122 45.5896 | 0.1481 -0.0605959 | 51.4886 628.374
5.46497 -96.1098 | 0.686896 -0.40822 | 2.36469e-11 -9.09495e-13
-15.7823 -37.4996 | 0.149478 -0.188746 | -2.50211 57.1119
-66.4492 -31.2461 | 0.0533927 0.405344 | -3.63798e-12 1.00044e-11
4.61386 50.9807 | 0.544032 -0.271255 | -686.619 1507.34
-46.5196 4.45816 | 0.157944 -0.00461561 | -5.45697e-12 -2.72848e-12
-8.33927 94.5097 | 0.250638 0.0606271 | -22.8537 44.8894
-6.157 -90.3171 | -0.43893 -0.386212 | 1.20508e-11 5.45697e-12
65.8266 -51.0043 | -0.0612601 0.894015 | -108.824 -1121.87
-19.9476 -16.6453 | 0.222255 0.398153 | 0 -2.27374e-12
4.43029 -76.7116 | -0.00110303 0.178631 | 1416.07 -850.262
-41.5154 66.1186 | -0.45691 -0.0156489 | 26.9568 67.0864
90.8352 26.8668 | -0.188522 -0.57592 | 1.45519e-11 -1.63709e-11
-58.0696 64.9305 | -0.941329 0.0159921 | -52.5385 27.8819
34.8764 -65.928 | 0.0442689 0.298823 | 5.45697e-12 1.27329e-11
35.3431 -22.4644 | -0.735635 -0.0515807 | -304.18 525.94
27.1323 59.5798 | -0.0759592 0.064267 | -474.924 1689.44
-24.2699 -62.1134 | 0.326402 -0.330404 | 1.00044e-11 -7.27596e-12
23.5215 -46.4735 | 0.373409 0.694553 | 116.372 94.6361
41.4237 65.3999 | -0.313176 -0.264586 | 4.68958e-13 -5.57066e-12
59.1577 46.3771 | 0.593475 -0.193523 | 474.924 -1689.44
-24.4495 -9.46611 | 0.220436 0.228655 | -3.63798e-12 -1.17097e-11
15.812 -69.2086 | 0.110966 -0.126784 | -677.189 1116
-40.4948 -51.8366 | -0.634648 0.43009 | 131.902 -184.569
13.6209 24.0094 | -0.695774 -0.634501 | 1.7053e-12 2.72848e-12
12.4517 8.79772 | -0.366306 0.0139951 | 1.3415e-11 9.09495e-13
80.1351 5.2964 | -0.26251 -0.538721 | 3.63798e-12 9.09495e-13
39.8315 -39.3206 | -0.24907 0.151802 | 304.18 -525.94
5.4477 -70.5733 | -0.486775 0.212313 | 886.245 -1625.39
-4.47585 73.3069 | -0.237497 0.125817 | -11.1454 -116.729
-70.2419 -65.7369 | -0.549706 0.591518 | -5.45697e-12 1.09139e-11
-72.2058 -52.8352 | 0.0447322 0.240525 | 9.09495e-12 -5.45697e-12
-29.6224 75.8935 | 0.479992 -0.0861345 | -36.2575 41.6049
67.4185 -21.5215 | 0.179622 -0.401799 | -1.36424e-12 6.82121e-12
-73.9189 38.3736 | -0.359021 0.203373 | 2.13809 458.272
-15.6091 -79.1535 | 0.522829 0.207562 | -1567.24 -2881.18
23.5016 91.8119 | -0.00208891 0.178941 | 22.8537 -44.8894
-64.1167 -21.8078 | -0.185273 -0.146821 | -1.36424e-12 -6.36646e-12
12.0984 32.2637 | -0.0959276 0.113216 | -1.81899e-12 1.00044e-11
-10.1589 -7.73958 | -0.068971 0.366325 | -1.81899e-12 -4.54747e-12
56.0117 -28.9504 | 0.253471 0.894298 | -8.18545e-12 -3.63798e-12
17.8771 47.589 | -0.601595 0.0188869 | -35.9005 237.181
-6.45266 -34.6769 | 0.0614758 -0.0609544 | -6.29704 -286.374
11.1501 -79.7663 | -0.00279639 0.0898092 | -1.81899e-12 -4.54747e-13
44.7128 2.56942 | -0.377662 -0.41143 | -8.6402e-12 -7.27596e-12
-7.85686 -48.7927 | 0.498515 -0.0283097 | 6.82121e-13 3.01448e-12
62.4609 5.76801 | -0.755713 -0.715423 | 5.45697e-12 -9.09495e-12
-63.4829 27.2162 | 0.616196 -0.20233 | -47.8396 36.0691
-5.00969 -60.4712 | 0.281084 -0.584643 | 78.3481 -337.063
-88.4912 12.9897 | -0.251691 -0.0634901 | 1358.39 -842.289
-8.0985 83.0707 | 0.134432 -0.131832 | -682.098 -1248.27
54.0243 57.9009 | 0.565344 -0.198152 | -4.54747e-12 -3.41061e-13
62.476 18.6706 | 0.376607 0.0543354 | 7.7307e-12 1.81899e-12
58.0269 17.5406 | -0.523574 -0.324889 | -2.72848e-12 -1.81899e-12
-49.7574 -57.599 | -0.425499 0.190662 | -5.45697e-12 1.18234e-11
26.8281 -19.548 | -0.672974 0.19403 | 3.63798e-12 9.09495e-12
-46.1241 -43.6581 | 0.135225 -0.159492 | -131.902 184.569
25.9049 -54.4526 | -0.962968 0.0628644 | -81.3749 312.47
36.0569 84.5411 | 0.12616 0.0254701 | 1.18234e-11 -9.09495e-12
87.001 -23.6857 | -0.0716522 0.492268 | -2.72848e-12 3.63798e-12
-61.2972 -4.15708 | -0.419115 0.767936 | 0 -2.72848e-12
-41.8642 -76.0912 | -0.486352 -0.372887 | 151.173 3731.44
-32.1048 31.4354 | 0.220467 0.490932 | -4.09273e-12 -1.81899e-12
-27.6102 3.33496 | -0.194751 -0.421599 | -4.09273e-12 9.09495e-13
16.6207 -85.1816 | 0.497972 0.431879 | 1.63709e-11 2.36469e-11
-46.5073 38.8063 | 0.654794 -0.386853 | -3.18323e-12 -4.09273e-12
