30.6334 22.9549 | 0.447698 0.993046 | -4.16914 19.0117
-21.1493 -92.6272 | -0.127547 0.07638 | 876.93 3857.72
-34.1461 -25.0967 | -0.504979 -0.84838 | 5.42527 39.9669
21.451 46.9528 | -0.199267 0.949972 | -13.9734 18.0418
32.8795 1.09935 | -0.743036 0.633522 | 1.09139e-11 -1.09139e-11
65.6295 -23.2662 | 0.161222 -0.202371 | 2696.74 4760.94
-33.4497 72.7911 | -0.72928 -0.122892 | -533.091 361.023
-57.7052 54.8489 | 0.538147 0.510217 | 354.351 -1458.63
49.2372 -4.14947 | 0.577674 0.220225 | -97.2248 -147.65
-28.9531 -5.07514 | 0.449005 -0.505183 | -6.36646e-12 4.54747e-12
76.0159 -50.5255 | -0.410388 -0.80052 | -6.36646e-12 3.97904e-13
-11.8104 -72.5574 | -0.898539 -0.526675 | -520.129 732.495
-69.3904 -42.2018 | 0.7539 -0.456126 | 1194.13 528.063
-51.8422 -59.1012 | -0.257707 -0.14774 | -570.585 706.686
-49.8457 39.7963 | -0.483438 0.555367 | 115.029 -120.328
16.1689 73.068 | -0.494469 -0.247523 | -4.54747e-12 -6.82121e-13
-12.9732 -64.4082 | -0.495895 -0.741948 | -1265.58 -3411.27
-67.1475 -60.6322 | -0.744602 -0.396563 | 2750.2 2850.19
-5.91816 -57.424 | -0.997606 -0.339283 | 267.823 218.187
-36.6765 -74.3305 | 0.320789 -1.41697 | 180.154 105.931
-52.4317 64.4685 | 0.97316 0.536407 | 414.119 140.558
30.1123 -27.4254 | -0.0111144 -0.826332 | 1.13687e-12 9.09495e-12
-49.746 -68.6892 | -0.51366 -0.441345 | -1967.5 898.57
46.472 34.4792 | -0.636349 0.118465 | 319.575 871.244
-35.4203 -39.971 | 0.193409 -0.672289 | 4.09273e-12 3.06954e-12
-81.2063 -4.75878 | 0.53687 -0.144986 | -146.711 -348.696
-60.4151 -47.6212 | 0.584072 -1.05594 | 3616.44 5124.13
25.5342 -66.7423 | -0.236514 -0.771542 | -86.272 -186.603
23.7171 16.6643 | 0.194833 0.918164 | -4.54747e-12 1.43245e-11
20.4937 -72.7805 | -0.0736338 -3.2857e-05 | 277.048 -1600.02
-1.09842 52.2912 | 0.0904714 0.395156 | -230.138 -513.887
-71.2432 57.6429 | -0.505437 0.24402 | 1713.45 7589.32
31.4209 68.8292 | 0.563829 -0.0932736 | 1051.53 1951.82
-48.8832 74.1257 | 0.620201 -0.192118 | -615.017 556.256
-4.96415 64.3459 | -0.693815 0.416898 | 1613.54 -2471.44
16.5305 43.0197 | -0.505429 0.577678 | 13.9734 -18.0418
-3.34277 72.218 | -0.762751 0.592764 | 1022.42 1994.52
38.4961 67.6545 | 0.825257 -0.0875313 | -1055.52 -1955.82
14.2274 36.1874 | -0.0319224 0.222408 | -2.72848e-12 1.36424e-12
-25.729 20.4336 | -1.47346 0.258005 | -792.993 2055.79
-14.1383 88.6349 | 0.865507 -0.813997 | -497.074 1047.22
-39.2334 14.4166 | -0.784113 0.790026 | 28.6834 -32.8484
29.2299 -13.6172 | 0.160679 -0.958895 | -143.918 -81.9076
88.2671 -12.2539 | -0.332388 -0.0683218 | -565.986 -2441.72
-69.6944 -19.6848 | 0.0986869 -1.48567 | 115.213 -281.719
53.9879 -45.2965 | -0.774955 -0.906851 | -6.36646e-12 -3.63798e-12
-0.103032 -9.78411 | -0.560908 -0.196957 | 748.543 -1236.61
23.8096 -57.5016 | -0.868319 -0.227637 | -4.54747e-12 -5.45697e-12
33.7111 -19.8306 | -0.289837 -1.02916 | -365.986 1144.51
32.3879 25.8148 | -0.0071765 0.497918 | 5.00222e-12 1.13687e-13
6.1334 92.5238 | -0.704493 -0.457035 | -46.1565 54.866
-70.796 -27.5623 | 0.0902182 0.179312 | -22.2913 -67.4975
-49.6561 1.88397 | -0.262427 0.546833 | -72.1492 1406.34
-27.6538 6.87405 | -0.6294 -0.0389984 | 473.219 169.969
-39.3155 -21.9835 | -0.269053 -1.20945 | 40.5504 -49.6163
-58.5331 -60.4826 | 0.554071 0.382597 | -1820.68 -2325.04
48.0473 -22.2489 | 0.35583 -0.513727 | -183.901 -458.648
-49.5444 17.5487 | -1.37162 0.489992 | 5034.12 -8207.13
-41.6931 67.8067 | 0.959751 0.245286 | 412.305 390.043
-19.1973 -25.0747 | -0.262465 -0.443934 | -5.42527 -39.9669
29.0879 86.6092 | 0.038264 0.0319339 | -7388.03 8790.37
73.5195 -14.4671 | -0.245655 0.247511 | -2.95586e-12 3.63798e-12
10.2098 -32.438 | 1.39088 -0.677025 | -1.93268e-12 -2.72848e-12
39.8789 -1.50181 | 0.771218 0.610679 | 28.3789 -59.5796
-4.05866 35.1505 | 0.40667 1.01837 | -4621.68 32.704
62.929 -10.7456 | -0.787231 -1.24776 | 509.752 -1244.79
26.2805 -92.4159 | -0.615515 -0.739593 | 1.81899e-11 1.22782e-11
-67.0449 -35.6504 | 1.04958 -0.443114 | 559.454 466.256
-58.17 -55.9388 | -0.393834 -0.815927 | -167.253 -4220.01
66.4965 10.8542 | -0.38103 0.262125 | -2018.7 -1652.8
-19.2416 -91.112 | 0.70907 -0.759252 | 556.93 939.227
-20.3055 -69.5108 | -0.0371203 -1.00755 | -18.0486 -16.4486
-26.3699 -68.3969 | -0.358964 -0.527212 | 1162.53 -1158.42
-29.524 -16.8898 | -0.0463018 -0.798027 | 74.4938 697.222
70.7541 33.4639 | -0.123261 -0.0516695 | 10.6267 123.89
40.1351 35.0483 | -0.522524 0.741444 | 2445.73 2745.06
73.8575 30.1283 | -0.80634 0.213795 | -142.191 79.0417
-66.5922 56.4711 | 0.340868 0.714337 | -9.41837 3.33146
-53.8691 7.61015 | 0.642128 1.12188 | -1957.46 -2452.35
-71.8328 -47.5788 | 0.700831 -0.620378 | -5361.2 -6145.43
-31.1514 -30.7381 | -1.02269 -0.317501 | -4.54747e-12 -2.04636e-12
53.0724 -26.8207 | 0.342292 -0.0764878 | -2216.07 -5234.86
-25.6905 -41.3578 | -0.0577511 -0.800208 | -3.41061e-12 -4.09273e-12
-62.794 28.7043 | -0.233134 0.751634 | 6.36646e-12 5.68434e-13
47.2568 52.8042 | -0.00918997 0.192859 | 19.8844 109.184
-30.6854 17.3206 | -0.269947 -0.0209558 | -1818.01 3172.73
-27.9395 82.722 | -0.602963 0.42689 | -1300.93 -668.278
78.5715 16.0627 | 0.0903638 0.170198 | 21.7177 97.7273
50.511 -66.9548 | 0.138201 0.910378 | 71.4859 167.077
18.497 11.9403 | -0.390586 -0.121847 | 211.998 -637.161
13.5622 84.6999 | 0.249599 0.707507 | 175.663 65.7885
-64.4223 55.1652 | -0.240332 -0.26064 | -2079.79 3280.27
15.0971 5.02459 | -0.199839 0.417224 | -5.91172e-12 3.63798e-12
22.4498 -77.1874 | -1.03567 -0.11144 | -85.7524 -742.806
52.2234 72.4444 | 0.00650247 -0.456146 | 3036.29 2546.24
62.9076 35.6653 | -0.750315 0.910209 | -29.3096 -1236.94
45.705 -50.3888 | -0.517249 -0.309502 | 1.81899e-12 -7.53175e-12
-0.0231792 -84.4349 | -0.236151 -0.460543 | 330.188 -295.977
87.6359 12.5422 | -0.141317 -0.672273 | -8.86757e-12 3.24007e-12
25.7081 70.384 | -0.227142 -0.794356 | 826.399 -620.758
-27.5787 -82.8138 | -0.035432 -0.377461 | 89.5042 249.447
-27.8804 67.4184 | 0.172414 -1.77594 | -45.9488 -23.2606
56.9623 59.1464 | -0.576544 0.25768 | 187.394 640.26
-37.0401 -77.0084 | -1.22326 1.02921 | 272.408 16.5539
-34.8275 -22.4881 | -0.802417 -0.0869153 | 2.95586e-12 0
-73.7569 -17.5865 | -0.24408 -1.21721 | -115.213 281.719
-83.4695 7.79301 | 0.870618 0.0325752 | -2255.6 2835.25
3.872 -61.2092 | -1.10664 0.104106 | 1626.8 1524.27
-0.282313 -49.2792 | 0.69708 -0.381612 | 3.18323e-12 8.6402e-12
-60.1435 10.2045 | -0.322824 0.50309 | 1641.91 2878.83
7.58115 55.8967 | -0.696507 -0.0098863 | -4.54747e-12 4.718e-12
-73.4549 41.7187 | 0.28108 0.0469148 | 535.826 -676.527
-10.0731 90.6835 | -0.329295 -0.354489 | 2.72848e-12 4.54747e-12
-30.8109 -64.6695 | 0.79344 0.389167 | 265.662 1375.08
-52.1182 50.9449 | 0.0297082 0.794623 | 1770.26 -3877.68
52.0271 -65.157 | 0.670261 0.5113 | 14.786 19.5262
67.741 -7.97705 | -0.023999 0.409841 | -483.435 987.774
64.2788 -36.662 | -0.143488 -0.844768 | 8.18545e-12 -3.86535e-12
38.4976 -58.1651 | -0.00603841 -1.222 | -4.54747e-13 3.0127e-12
-46.2405 42.6052 | 0.438138 0.204772 | 794.239 -608.676
-34.4467 79.9875 | 1.0885 -0.391082 | -988.235 -2016.96
-29.6802 86.3825 | -0.0792991 0.628273 | -76.1491 1480.96
42.988 -70.5617 | -0.444857 -0.309281 | -215.111 2586.45
34.1065 76.6607 | 0.341673 -0.0451924 | -603.809 1500.84
-32.3492 -10.0137 | -0.00527712 -0.179548 | 1.81899e-12 6.59384e-12
-1.46668 -87.1827 | -0.299674 -0.446349 | 525.99 1283.23
25.562 -29.4323 | 0.637248 -1.53318 | 2.50111e-12 3.29692e-12
41.0926 -44.7978 | -0.57946 -1.73846 | -93.2268 869.119
-76.9324 21.1593 | -0.825872 0.550841 | 2.27374e-11 2.72848e-12
60.1428 54.3759 | 0.654968 0.280658 | -187.394 -640.26
22.4266 -88.3357 | 1.081 -0.86287 | 23.2877 228.239
-18.8377 28.1956 | 0.447681 0.483183 | 74.9282 -349.659
62.0311 4.68773 | 0.509296 0.180503 | -384.495 80.4263
63.7322 -42.0628 | -0.290864 0.336697 | -3.09797e-12 -4.54747e-12
34.2447 44.0241 | 0.248365 0.710611 | 1164.22 -6259.02
-41.0963 59.0869 | 0.175584 0.0165902 | -2031.2 -8109.59
-75.1102 -14.567 | 0.0095642 -0.456235 | 1.81899e-12 3.63798e-12
-17.261 -88.8557 | 0.308581 -0.0562033 | 74.1968 193.747
-58.2823 33.3883 | 0.0956798 1.01121 | -4.54747e-12 4.54747e-12
54.6218 14.247 | -0.612017 0.559484 | 1801.02 2734.11
20.0713 -38.5746 | -0.581961 -1.14717 | -200.733 621.376
87.8169 15.7432 | -0.285325 -0.695136 | 1.26192e-11 -1.81899e-12
60.43 43.369 | 1.00606 1.61574 | 75.1637 -993.814
38.3876 -48.686 | 0.664255 -1.65096 | 293.96 -1490.49
80.0677 -51.0652 | 0.478632 0.72386 | 5.45697e-12 4.60432e-12
-30.5908 75.698 | -1.09793 -0.174909 | -869.715 2970.59
3.99153 24.2927 | 0.191739 0.483799 | -70.759 330.647
-73.3308 32.6407 | -0.416596 0.317023 | 1777.9 -754.743
6.01241 -83.9347 | -0.376726 -0.256806 | -8.73154 -26.2239
26.7907 -52.1984 | 0.101752 -0.827396 | -5.22959e-12 1.47793e-12
61.8349 17.9637 | -0.58821 1.13647 | -136.604 -307.095
57.0765 69.3384 | 1.27972 -0.668954 | -3254.88 -3422.31
53.414 62.3681 | -0.0810938 0.152702 | 2075.98 -5135.53
40.1471 -80.3247 | -1.12317 -0.190675 | 4.6346 -106.297
44.9143 50.7988 | 0.374424 1.67615 | -1184.1 6149.83
-78.7416 0.0847496 | -0.27555 -0.864803 | 0.234443 -2.36664
-44.6326 12.6766 | -0.135917 0.335291 | 2.72848e-12 -2.27374e-12
-64.6131 -53.3374 | 0.818974 -0.506317 | 2558.52 5838.37
-58.6491 65.9539 | -0.882315 0.658062 | 176.175 -1007.35
36.2017 81.0953 | 0.263848 -0.0892537 | 656.096 -706.654
-71.6852 47.3542 | -0.818342 0.197733 | -876.105 2907.6
73.5525 -17.1477 | 0.654497 -0.501218 | -158.732 -102.03
34.1778 -9.29443 | 0.857659 0.579408 | 118.129 340.119
-25.7197 23.0887 | -0.0289807 0.507316 | -4.54747e-13 2.72848e-12
3.86146 95.2152 | 0.644459 -0.0680629 | 4.54747e-12 2.54659e-11
-51.8019 -65.091 | -0.726723 -0.507156 | -1187.8 -1152.8
22.5345 -82.0695 | -0.19154 -0.217462 | -3.18323e-12 3.63798e-12
41.9425 8.04286 | -0.23177 1.18596 | -11.3231 12.5606
16.5823 28.1958 | -0.327782 1.07661 | 1583.3 -4327.57
51.2216 65.0268 | -0.524334 0.0236244 | -2075.98 5135.53
37.1872 83.9949 | -0.521109 0.645521 | 6731.93 -8083.72
43.0921 -84.3403 | 0.205152 0.37859 | -9.07736 -314.914
10.6533 -17.6077 | 0.784521 -0.830469 | -115.572 -648.797
-32.9336 -2.78015 | -0.763371 0.116631 | -5.00222e-12 -8.6402e-12
80.8869 25.3716 | 0.98286 0.483983 | 166.198 -135.324
-34.5521 -80.5842 | 0.568845 0.441544 | -771.69 -1816.17
-32.1833 85.1998 | 0.423988 0.0903979 | 152.072 -2034.85
-10.4922 -96.315 | -0.590109 -1.03717 | -1508.06 -4990.69
4.15186 -35.9308 | 0.825547 -0.596788 | 2.95586e-12 5.57066e-12
-74.5273 -10.9584 | -0.127529 -0.168247 | 218.86 -1057.64
-35.0321 0.375234 | -0.102684 0.0971939 | -154.752 -638.015
-69.1744 -23.1988 | 1.52039 0.298551 | 13.4659 94.4723
-82.9697 -8.81829 | 0.633235 -0.581513 | -5.45697e-12 -3.18323e-12
-83.7411 32.0205 | -0.808927 -1.05917 | -2382.29 1305.37
-5.31363 47.7605 | 0.27226 0.624475 | -7.7307e-12 0
85.9337 5.71837 | -0.405717 0.575503 | 2956.65 4578.94
-68.7118 -63.3545 | 0.0979424 -0.633526 | -1634.09 -1127.36
-14.2637 83.153 | -1.0405 0.324939 | 1553.91 194.452
5.53921 -2.91966 | -0.554813 0.407626 | -748.543 1236.61
-76.3705 18.2178 | 0.914005 0.821841 | -2.72848e-12 -8.6402e-12
46.2201 37.8822 | -0.309981 0.519541 | 302.386 1915.49
-34.2411 -84.478 | -0.358957 0.241446 | -92.7243 -299.934
60.948 46.5895 | 0.717682 0.782542 | -75.1637 993.814
72.6064 -29.9202 | -0.754345 -0.375765 | 0.0520206 -0.472869
-78.7286 14.2415 | -0.104835 0.425957 | -199.354 220.142
75.8724 -1.44744 | -0.399586 -0.0403595 | -1612.16 -2434.81
