-0.852786 -63.2849 | 0.0743695 -0.362981 | -2.84217e-12 -1.47793e-12
-18.128 62.1221 | -0.00784669 -0.175026 | 721.615 2467.83
34.9005 -15.9867 | -0.39165 0.300135 | 4.09273e-12 -5.68434e-14
-72.1328 -31.3771 | 0.418206 0.0170632 | -9.09495e-12 -1.09139e-11
-19.2013 -45.3891 | -0.136253 0.37702 | -1167.84 2656.63
-9.26032 -92.4261 | -0.238427 -0.0948744 | -3.22871e-11 -7.27596e-12
53.839 -1.66836 | 0.387741 -0.050991 | 1.36424e-12 2.27374e-12
-18.2759 -32.5765 | 0.628118 0.0225025 | -1.93268e-12 1.81899e-12
50.6049 68.3268 | -0.0332645 0.090133 | -1.85878e-11 1.18234e-11
-54.3 14.0339 | 0.535281 -0.621261 | 4.54747e-12 -4.3201e-12
13.1855 91.6987 | 0.578077 0.509952 | 16.1929 -51.8379
-9.05835 5.07918 | 0.513312 -0.73029 | 0 9.09495e-13
3.6604 -66.4044 | -0.544666 -0.195231 | 9.09495e-13 5.40012e-13
-85.2496 7.48997 | -0.0142654 0.522667 | -5.45697e-12 2.72848e-12
28.2908 83.5245 | -0.198895 -0.208187 | -5.00222e-12 -1.81899e-11
-76.4929 35.4407 | 0.236472 -0.353174 | -239.447 28.4624
-71.4701 -21.1042 | -0.871067 0.186739 | 2.09184e-11 -1.04592e-11
-4.851 56.1553 | -0.0717639 -0.0528877 | 887.794 -1287.06
65.0719 37.4924 | 0.353243 -0.430926 | -1810.39 -1889.18
92.2428 -16.204 | -0.373935 -0.368546 | 1.36424e-12 1.45519e-11
45.8182 -15.0409 | -1.11759 0.0525528 | 2.72848e-12 -5.91172e-12
-31.4856 -24.226 | 1.26743 0.30743 | 296.488 -2463.22
51.949 27.5525 | -0.00639984 0.417586 | 185.888 151.2
35.4248 -24.3706 | -0.711249 0.102212 | 0 -3.63798e-12
30.1027 -50.4458 | -0.273621 0.296962 | -4.3201e-12 -3.86535e-12
-15.1732 -53.2485 | 0.172988 0.829561 | 874.986 -2118.78
-50.3623 -13.1062 | -0.0951567 -0.154495 | -4.3201e-12 6.36646e-12
-78.5655 44.1355 | 0.00575207 0.0998384 | -9.09495e-12 1.27329e-11
0.348867 -43.6303 | 0.123143 -0.241645 | 292.855 -537.848
62.7627 -23.3374 | -0.329314 -0.0172045 | -5.22959e-12 -9.09495e-13
17.2308 -60.0089 | 1.13109 -0.0271957 | 5.45697e-12 -1.36424e-12
-92.4247 -0.094698 | -0.278179 0.539349 | -3.63798e-12 7.27596e-12
-0.716008 -15.0944 | -0.373237 0.426191 | -190.437 23.4218
60.5261 2.8713 | -0.37671 -0.0605214 | 5.36055 -10.7181
8.21606 32.3886 | 0.719678 0.0249326 | 3.63798e-12 1.13687e-12
-7.31649 88.0394 | 0.155477 0.339606 | -15.5437 -26.9773
7.04107 95.072 | 0.657818 -0.0728774 | -0.649176 78.8152
17.2006 65.1451 | 0.572362 0.0436805 | -883.935 1341.63
-52.7884 62.3806 | 0.0784972 -0.0884941 | 239.447 -28.4624
19.5362 -44.8816 | 0.111522 -0.38849 | -1.08002e-12 -4.54747e-12
-52.7561 31.6624 | 0.198533 0.449548 | -1.81899e-11 5.45697e-12
-26.0692 51.0642 | 0.281392 -0.41804 | -645.27 -2448.51
74.2533 -3.6518 | -0.455618 0.192049 | -1.09139e-11 4.09273e-12
-44.8506 -51.0276 | -0.118016 0.252625 | -97.4579 495.332
86.2088 29.8473 | -0.164545 -0.869323 | 5.31977 8.54716
31.4446 21.2593 | -0.711765 0.27968 | 1.09139e-11 -5.91172e-12
-56.8361 -4.13863 | 0.157648 0.0976099 | -1.81899e-12 -2.72848e-12
38.7358 60.5521 | 0.133046 0.347551 | -7.95808e-12 1.81899e-12
66.8593 -40.5972 | 0.220267 0.0268685 | 147.21 -464.184
-44.4192 -56.7472 | -0.111399 0.303081 | 97.4579 -495.332
31.3782 53.9129 | -0.0738384 -0.613059 | 1.13687e-12 -7.95808e-12
83.2532 16.357 | -0.0179267 0.4638 | 1.81899e-12 0
-47.395 27.144 | 0.695088 -0.316344 | 1.81899e-12 -9.09495e-12
14.5088 46.8794 | 0.136807 -0.24407 | -2.72848e-12 1.22782e-11
-18.5545 6.32518 | 0.374484 -0.355713 | 8.54072e-12 7.27596e-12
-3.34114 -96.2876 | 0.203991 -0.308611 | -402.921 694.009
37.7345 56.8943 | -0.037603 -0.739101 | 7.95808e-12 4.54747e-12
37.7892 -87.2523 | 0.471592 -0.0577953 | 402.921 -694.009
1.99725 -77.4959 | 0.036491 0.070564 | 1.81899e-12 6.25278e-13
13.408 -25.2176 | 0.491016 0.381146 | 2.95586e-12 -9.09495e-13
-54.2023 -33.5414 | -0.58766 -0.591392 | -2.95586e-12 -2.95586e-12
-28.9613 69.7392 | -0.554229 0.119865 | 466.356 -1054.23
24.5123 -82.4218 | -0.419801 0.843895 | 4.54747e-13 -3.46745e-12
-53.1768 -37.6929 | 0.680935 0.470605 | 0 3.63798e-12
73.9344 16.4307 | 0.150997 -0.372964 | 6.82121e-13 -3.63798e-12
42.1884 -36.2855 | 0.0390735 -0.0322868 | 5.45697e-12 1.81899e-12
-50.5406 6.97375 | -0.230062 0.0578878 | -3.18323e-12 -6.82121e-13
55.9947 12.4084 | -1.11812 -0.103247 | -5.36055 10.7181
3.93178 -16.7162 | -0.313091 -0.694207 | -106.05 2439.8
38.2714 80.1065 | 0.0503039 -0.615071 | -1.09139e-11 -3.63798e-12
-88.2332 15.6247 | -0.596885 0.51752 | 1.31877e-11 -2.72848e-12
4.38509 0.585373 | -0.0429031 0.436988 | 10.595 10.2426
2.46117 37.4758 | -0.793101 -0.822511 | -2.72848e-12 -1.81899e-12
61.1143 -11.0817 | -0.962583 0.143226 | 7.27596e-12 7.50333e-12
-29.6139 48.6324 | 0.426318 -0.0162975 | -72.91 -89.7447
24.4664 2.80301 | -0.170354 0.0354752 | -1.63709e-11 5.45697e-12
-32.6897 -68.7004 | 0.586634 -0.0754848 | 0 9.09495e-12
7.23719 68.6116 | -0.85226 0.210312 | -7.29388 15.8512
-24.3015 -75.1009 | 0.570896 1.04496 | -7.7307e-12 -8.86757e-12
46.1407 22.3259 | -0.67159 0.230704 | -185.888 -151.2
-31.9637 84.5424 | -0.920089 0.582172 | -4.41955 -10.1491
-25.4171 35.4538 | 0.928657 -0.55607 | 5.45697e-12 -2.00089e-11
-25.4857 -77.9238 | 0.275903 0.0299159 | 3.18323e-12 -2.72848e-12
-33.8342 80.8885 | -0.286622 0.388198 | 1.45519e-11 9.99023e-12
29.6012 75.513 | 0.0324245 -0.178302 | 5.68434e-13 -6.59384e-12
37.6317 -73.7216 | 0.228479 -0.165059 | 5.45697e-12 5.22959e-12
73.1541 -29.3119 | 0.156231 0.395134 | -147.21 464.184
-45.582 18.1387 | 0.70887 -0.233726 | 3.63798e-12 4.09273e-12
-61.7516 -66.3021 | -0.439491 0.429681 | 5.45697e-12 7.27596e-12
-15.4927 -10.8344 | -0.263539 0.0396493 | -10.595 -10.2426
52.6338 -45.8506 | -0.108343 -0.0207229 | -1.54614e-11 -7.3328e-12
62.1122 43.2326 | 0.116606 -0.180547 | 1805.07 1880.63
41.9 40.7386 | 0.449498 0.682942 | 9.09495e-12 -1.31877e-11
62.3689 58.0238 | 0.253074 -0.612993 | 1.36424e-12 -1.81899e-12
-25.6181 -39.8991 | 0.884395 -1.01768 | -4.20641e-12 3.63798e-12
-6.92391 81.3488 | 0.169644 -0.0370814 | 4.41955 10.1491
54.3686 -65.3541 | -0.204979 0.303269 | -9.09495e-13 -2.50111e-12
-40.6307 39.4913 | 0.589549 -0.576836 | 4.54747e-13 2.27374e-13
-38.6936 71.9601 | -0.157624 -0.963223 | -466.356 1054.23
-24.6002 -85.9021 | 1.0431 -0.341448 | 8.18545e-12 -4.51772e-12
