-56.5539 -3.93944 | 0.199311 -0.136882 | -23.2199 18.4806
-37.4991 -38.3385 | -0.343779 0.503865 | -2.04636e-12 1.73284e-12
14.6543 -41.0824 | 0.477479 -0.0470003 | -243.684 740.454
1.23776 29.1439 | -0.682193 0.25266 | -1.00044e-11 3.18323e-12
-59.6691 -57.777 | 0.452407 0.93909 | -1.09139e-11 0
-76.3757 -26.1795 | -0.60087 0.532036 | -8.89669 -5.72783
-25.1434 -23.5566 | -0.5113 -0.559074 | 5.68434e-12 -4.54747e-13
-36.3243 28.5876 | 0.26323 -0.0745826 | 2.27374e-12 4.54747e-12
9.20253 73.2721 | -0.048293 -0.455974 | -117.774 -477.688
-16.425 -60.7079 | -0.183437 0.117447 | 1287.79 831.306
-2.83555 -67.8045 | 0.013427 0.766655 | -5.22959e-12 -2.50111e-12
52.1606 16.9729 | -0.304219 0.0262052 | 27.8923 -293.24
-18.9847 -31.8902 | -0.540994 -0.053346 | 303.44 -1479.8
16.7246 -50.922 | 0.613374 0.00131757 | -9.09495e-12 4.54747e-12
-76.2574 25.9298 | 0.613112 -0.477436 | -267.138 1001.15
-49.9211 13.086 | -0.196331 -0.438714 | 150.093 312.041
-44.5694 5.76908 | -0.594871 -0.539259 | 1416.2 -2080.21
89.2188 26.8262 | 0.474336 0.159836 | -1.90994e-11 -6.36646e-12
44.2379 7.55092 | 0.132228 0.0258128 | -1002.72 2066.19
-10.6257 20.8383 | -0.401817 -0.472435 | -308.206 -369.63
54.5653 -23.3539 | -0.449635 -0.316785 | -528.74 183.86
-20.8568 -91.7166 | 0.013679 0.0329285 | -1.45519e-11 -1.36424e-11
25.7197 71.0966 | -0.574189 -0.890044 | 1901.91 -1949.1
56.9764 34.6568 | 0.5486 -0.298446 | 142.001 162.675
-27.7772 80.275 | -0.230651 0.0846014 | 157.339 -324.324
4.8325 -30.5048 | 0.0873108 -0.574218 | -28.4119 1882.88
47.5987 -3.03817 | 0.475671 0.0483561 | 176.644 -269.028
-36.3402 -27.1783 | -0.340579 0.148883 | -284.654 -415.211
65.3804 -4.18851 | -0.00243534 -0.338534 | 215.202 662.606
22.5753 84.555 | -0.107257 -0.338521 | 1.45519e-11 3.63798e-12
-39.972 42.1895 | -0.425761 0.142503 | -906.341 1641.32
-37.8024 -17.2263 | -0.46602 0.0968305 | 1.81899e-12 1.81899e-12
-1.87028 -51.3092 | 0.261664 -0.0202857 | 7.27596e-12 1.00044e-11
-26.1681 48.8746 | -0.362877 -0.559248 | 1523.43 -1586.15
-52.0075 8.01027 | -0.20435 -0.0643157 | 259.113 198.713
6.32 -23.5115 | -0.0766256 0.614852 | -1.04592e-11 -7.27596e-12
21.7971 -28.5018 | 0.0224276 -0.122261 | 809.05 -1440.81
-86.8033 -12.368 | -0.347741 0.038745 | 8.89669 5.72783
17.8375 -69.9907 | 0.290494 -0.0557671 | 6.70752e-12 -6.36646e-12
40.8738 -64.0603 | 0.166241 -0.541112 | -2.05245 -56.8701
17.7932 68.0385 | 0.364245 0.0480239 | -3.85399 -7.3847
-6.61467 -64.0279 | 0.319093 0.0948728 | -2.72848e-12 0
-6.9211 -35.4553 | 0.406866 -0.360847 | 4.54747e-13 0
-64.298 9.80476 | -0.429523 -0.0350315 | -1930.6 1890.56
-70.3776 54.8057 | -0.0488012 -0.275606 | 9.09495e-12 4.91127e-11
35.3979 -17.8657 | 0.178331 -0.565374 | -31.2758 -156.458
-46.8053 -72.5955 | -0.931722 -0.314951 | -1.18234e-11 -1.81899e-12
9.81156 -5.71058 | -0.043171 0.194488 | -162.796 -843.931
6.00816 31.9449 | -0.600491 -0.0573481 | -1.3415e-11 -1.81899e-12
10.6639 37.4916 | 0.0440924 0.227822 | -524.845 1239.6
29.6504 17.2536 | 0.0356906 0.52374 | -27.8923 293.24
14.9179 43.7607 | -0.576267 -0.150242 | -5.45697e-12 3.18323e-12
-29.0585 72.5908 | 0.454021 0.391441 | 40.7433 -94.1714
-88.0582 -23.1013 | -0.323947 0.363201 | 282.639 296.735
28.3682 45.271 | -0.129374 0.0740925 | 6.82121e-12 -1.13687e-12
28.5894 -80.4365 | 0.336956 0.315537 | 3.63798e-12 6.36646e-12
-51.0685 -11.3421 | -0.870697 -0.475307 | -742.238 3051.21
-25.021 45.3563 | -0.192866 0.167139 | -107.682 1672.11
-72.5457 -46.309 | -0.805309 -0.241428 | 1.09139e-11 -3.52429e-12
-26.8768 -13.4184 | 0.228263 -0.311378 | 1778.59 -5693.46
73.5919 -42.9636 | -0.237522 -0.432656 | -277.89 152.183
0.325494 -14.0075 | -0.146148 -0.0687285 | 7.82421 12.4621
36.5836 -10.1804 | -0.110456 0.269601 | 20.4429 66.2676
53.9201 -45.3469 | 0.343947 0.313295 | 10.6279 -44.9407
37.1699 -55.0793 | -0.543129 0.204685 | 746.058 -1752.67
5.86423 45.3868 | -0.368401 0.304127 | -1.81899e-12 -2.72848e-12
-27.2209 -49.7997 | -0.082057 1.07682 | 6.36646e-12 -9.09495e-13
33.6721 -37.3655 | 0.482026 0.568653 | 3.86535e-12 1.81899e-12
-0.710219 23.4397 | 0.0181693 -0.16852 | 308.206 369.63
16.0627 -85.2382 | -0.261359 0.0920302 | 2.251e-11 8.18545e-12
41.1597 -23.8322 | -0.306953 -0.043646 | 3.12639e-12 -7.04858e-12
-53.1409 3.77926 | -0.431842 -0.335496 | 105.198 -321.109
50.1801 -72.2937 | -0.33525 -0.343555 | -344.487 501.849
56.5515 10.4592 | 0.568546 -0.661131 | -651.796 -856.139
-35.8231 19.0308 | 0.41606 0.377346 | 3.63798e-12 -2.27374e-13
72.9946 -58.2516 | 0.459039 0.121047 | 7.27596e-12 -3.63798e-12
9.33016 -29.157 | 0.101002 0.00515369 | -71.9914 -127.312
58.8179 -38.8013 | 0.319471 0.200927 | -472.11 105.011
-69.3574 -18.7111 | 0.390537 0.851508 | 192.704 13.58
28.0329 -14.5047 | -0.276982 0.229836 | -148.54 -542.475
41.1576 -53.5203 | -0.164976 -0.201373 | -455.113 1611.48
69.3674 64.6147 | 0.560305 0.191317 | -4.36557e-11 -2.1231e-11
48.2628 35.6383 | -0.107258 -0.271857 | -142.001 -162.675
35.5281 64.4471 | 0.0906084 0.0582041 | -4.89209e-12 -2.68585e-12
-59.401 -6.48202 | -0.102541 0.0548574 | -1.13687e-11 9.09495e-13
-28.2367 -57.5341 | 0.552842 0.360435 | 91.6022 -216.536
46.3221 -0.181504 | -0.12598 -0.0706326 | -176.644 269.028
-73.8194 -31.3903 | -0.377508 -0.630175 | 301.714 319.276
-63.7843 13.6774 | -0.562103 -0.0594829 | -9.09495e-13 -4.54747e-12
-22.1973 38.1484 | 0.373642 -0.046974 | -17.7951 -1036.82
-44.4284 63.3567 | 0.150896 0.0261518 | 1.63709e-11 6.82121e-13
-64.3359 -19.5022 | -0.329944 0.650335 | 285.909 202.177
-0.463001 86.1777 | -0.10721 -0.20661 | 71.7416 165.73
-23.3444 82.4908 | -0.210947 0.196977 | -229.081 158.594
60.3332 12.987 | 0.209784 0.0992353 | 655.972 934.46
-7.39599 -72.1818 | -0.164448 0.540947 | -920.25 2356.3
31.4198 74.8487 | 0.569453 -0.213761 | -1898.06 1956.48
67.5734 40.9758 | -0.624117 -0.244809 | 259.928 1318.19
76.812 -10.7293 | 0.443632 -0.189125 | -123.896 2326.14
-54.8627 -54.5046 | 0.161992 0.265296 | -91.6022 216.536
-57.9835 -62.4413 | -0.128066 -0.358058 | -919.813 -562.517
-68.37 -39.2257 | -0.558853 -0.071949 | -301.714 -319.276
23.7808 77.3161 | -0.196534 0.039609 | 117.774 477.688
14.6854 6.93873 | 0.197751 0.551343 | -5.83485 15.6349
-47.8549 56.4802 | 0.409682 0.376576 | -55.3966 -114.671
63.2943 -39.2656 | -0.137391 -0.680275 | 355.701 -24.7183
-9.40116 -10.3828 | -0.233757 0.371104 | -273.928 1340.71
43.1115 31.2904 | -0.426103 -0.106195 | 1790.41 -201.497
33.2278 29.2676 | 0.614488 0.149086 | 33.7307 -163.392
5.53193 81.613 | -0.481532 0.508437 | -40.7433 94.1714
11.2493 -25.0801 | 0.394951 0.177019 | -737.058 1568.12
-62.7515 49.6699 | 0.351383 0.0630417 | -3.23552 630.518
-34.7742 32.1068 | -0.576842 -0.122903 | 222.381 -673.137
-51.0591 1.58996 | 0.158573 0.139953 | -1528.99 3216.6
73.6842 51.8675 | -0.282883 0.713261 | -796.948 -71.1204
79.0057 -25.9096 | -0.220667 -0.62427 | 195.236 -1670.07
33.4667 0.719959 | 0.0555268 0.189335 | 1004.38 -2160.14
53.9381 53.7263 | -0.440706 0.272857 | -57.1234 54.8502
77.5211 -24.1947 | -0.296449 0.0343535 | -176.208 1585.84
3.25123 -76.5758 | -0.184358 0.601458 | 920.25 -2356.3
22.4211 64.6622 | -0.0155097 -0.147604 | -205.5 -1660.55
-4.53749 -56.0509 | 1.03719 0.264645 | -245.771 242.158
10.3229 -88.5045 | 0.206209 0.516801 | -5.91172e-12 8.6402e-12
77.7053 -34.079 | 0.0974391 0.106477 | 105.781 -35.3524
-2.17191 0.936185 | 0.171423 0.0636158 | -1.00044e-11 -2.72848e-12
-65.1303 -7.59343 | -0.569005 -0.54113 | -669.612 1557.87
-19.8761 52.3733 | -0.00433539 0.0963096 | 50.3697 -160.391
83.767 14.4024 | -0.0891493 0.0449658 | -1.45519e-11 1.09139e-11
47.2939 32.694 | 0.852748 -0.237456 | 1151.45 827.448
-35.0851 62.2455 | -0.434388 0.0162733 | 95.4003 424.555
-61.8393 39.8959 | 0.134053 0.224321 | -32.2737 -50.1065
-59.9649 41.8955 | -0.24523 0.166946 | 1220.25 -1922.99
73.2093 57.8829 | -0.434219 0.200144 | 2.18279e-11 5.45697e-12
76.0178 -43.3682 | 0.0702621 -0.166558 | -256.251 462.98
-63.7504 69.6293 | -0.130251 0.270693 | 3.63798e-12 -5.45697e-12
87.5363 24.566 | 0.25895 0.331269 | -5.45697e-12 -1.47793e-11
4.87544 -45.062 | -0.0251419 -0.111113 | -293.196 -763.241
2.5951 93.6899 | -0.213377 0.293846 | 446.535 2380.39
2.62236 14.4281 | 0.0561296 -0.183747 | -1.13687e-12 8.52651e-12
24.6044 -59.2281 | -0.379514 -0.183575 | -2.72848e-12 -1.81899e-12
62.5941 39.4486 | -0.104785 -0.00125086 | 224.208 -0.0487026
78.5546 -36.0617 | -0.257344 0.506304 | -4.54747e-12 6.36646e-12
-10.3712 94.5335 | 0.136332 -0.49386 | 1.45519e-11 5.45697e-11
77.3768 -5.99496 | 0.702897 -0.588737 | -290.558 -1271.17
21.4661 -57.3031 | -0.106316 -0.00790327 | -1.81899e-12 -8.98126e-12
64.0767 34.5874 | -0.268914 0.306803 | -179.938 -77.4191
55.2232 6.17311 | 0.270288 0.285617 | -1.00044e-11 -1.08002e-11
-57.7503 -31.2747 | -0.608884 -0.402736 | -2340.19 -2623.82
43.8702 28.9338 | -0.255589 -0.1059 | -2450.74 -1702.16
-74.5894 0.950275 | 0.0354456 -0.224786 | 7.27596e-12 7.27596e-12
-22.4385 88.2837 | 0.301656 -0.212625 | -446.535 -2380.39
-2.05966 7.02259 | -0.590958 -0.493463 | -7.27596e-12 4.54747e-12
80.6888 -41.4312 | -0.140678 0.321107 | 534.141 -615.163
-60.8185 69.0672 | -0.0170256 -0.0734296 | -15.646 56.382
56.9519 -3.04822 | 0.346688 0.730782 | -3.63798e-12 -4.3201e-12
-17.1575 68.1673 | 0.0113508 -0.586594 | -3.63798e-12 4.54747e-12
-65.3172 44.7957 | 0.839046 0.607267 | -1547.9 1604.96
35.2697 59.1481 | -0.425798 -0.255302 | 933.964 1706.2
-42.359 54.4676 | 0.201988 0.0110566 | 666.635 982.874
-14.6318 -2.85587 | -0.120052 0.0193601 | 186.016 825.45
26.62 -20.596 | -0.230422 0.373025 | -0.304168 -1.752
31.5509 81.3673 | 0.0987146 -0.267628 | 1.27329e-11 1.40972e-11
9.30026 60.2249 | 0.182092 0.392034 | 108.679 -115.919
11.212 -38.764 | 0.469148 -0.546671 | -9.09495e-12 -7.38964e-12
-48.5155 58.5053 | -0.294231 0.0194223 | -38.7995 -307.481
-71.9353 15.5546 | -0.272913 -0.118135 | -1.81899e-12 8.18545e-12
-29.0438 -81.0097 | -0.801141 -0.234471 | 162.676 -427.366
-35.5262 -77.0804 | 0.561792 -0.101608 | -162.676 427.366
35.413 56.8489 | -0.0928429 0.0507134 | -933.964 -1706.2
-1.57154 -95.6486 | -0.116969 0.243968 | 1.81899e-11 5.45697e-12
7.75054 63.4253 | -0.661186 -0.712541 | 96.8206 1776.47
-56.3692 21.2156 | 0.0555298 -0.275245 | 4.54747e-12 -7.7307e-12
-73.1283 22.9453 | -0.0846812 -0.243562 | -86.9406 -650.334
68.7499 37.64 | 0.106445 -0.176482 | -247.54 -1295.68
64.0846 -20.7827 | -0.476087 0.114135 | 652.636 -2510
33.3245 -61.7944 | -0.409518 -0.710678 | 2.05245 56.8701
-69.379 33.2971 | -0.0357943 0.0172728 | 384.694 748.31
-69.1004 37.719 | -0.0284768 -0.250645 | 1.81899e-11 2.72848e-12
-9.99827 -47.1722 | 0.527704 -0.199091 | -5.45697e-12 -9.09495e-13
50.9388 -65.0259 | -0.160853 -0.0612339 | -1.81899e-12 -1.81899e-11
-84.1718 -36.1387 | -0.608071 0.0291424 | -282.639 -296.735
78.5227 -20.3424 | 0.279873 -0.145728 | -44.6185 -153.379
2.83741 -43.085 | 0.0179771 0.367432 | 536.88 22.7867
80.9305 46.9205 | 0.11126 0.114246 | 1095.82 118.786
-61.1835 0.89429 | -0.166164 0.433272 | 1528.99 -3216.6
9.9109 25.6064 | -0.472659 -0.224533 | -9.09495e-13 7.38964e-12
-62.5129 63.0068 | 0.234371 0.230988 | 15.646 -56.382
-84.3364 -10.0274 | -0.112289 -0.341336 | -6.82121e-13 -2.72848e-12
-59.1423 -27.6621 | -0.31705 0.061642 | 1861.58 2408.06
-50.6533 -21.4625 | -0.640512 0.110154 | -83.182 -244.189
-1.9689 -18.0685 | -0.176157 0.123056 | -6.0254e-12 -5.45697e-12
79.9397 -15.5321 | -0.00766511 -0.231684 | 25.5904 237.606
-65.1036 -63.3553 | 0.112373 0.0724034 | -128.474 -129.843
70.1012 -5.44742 | -0.083905 0.048515 | 227.209 1230.51
-57.7348 48.9443 | 0.124869 -0.141983 | -714.974 -1455.4
70.2667 51.742 | 0.102545 0.787903 | -298.406 -47.5549
39.9425 -74.4671 | -0.119088 -0.237386 | 344.487 -501.849
-21.7228 -83.993 | -0.144117 0.367415 | -3.41061e-12 7.95808e-12
-52.4006 -69.2197 | 0.0583739 0.0858332 | -284.677 -239.922
-76.3445 28.904 | 0.168142 -0.324272 | -384.694 -748.31
