-5.09342 -62.2475 | -0.272441 -0.494172 | 61.0177 164.247
-14.6252 61.0006 | 0.190237 -0.649727 | -6.36646e-12 -3.63798e-12
32.9881 -22.8829 | -0.299607 -0.414513 | -9.09495e-13 -2.72848e-12
-63.9851 -30.1156 | 0.447354 0.56537 | 15.2408 -56.3004
-21.5578 -46.4012 | 0.465881 -0.238691 | -1.81899e-12 -9.09495e-13
-9.71757 -88.2589 | 0.1215 -0.839183 | -5.45697e-12 -2.45564e-11
51.7391 -2.19458 | 0.290806 -0.507075 | 2.72848e-12 7.38964e-13
-6.05803 -33.1618 | 0.289247 -0.230272 | 7.27596e-12 -1.36424e-12
62.9272 63.6648 | 0.702276 0.271237 | 1067.69 -1303.25
-46.3254 10.2696 | 0.428436 0.409111 | 2467.96 -871.932
32.1041 83.7662 | 0.179677 -0.149875 | -12.6039 77.0186
-9.70709 4.70441 | -0.274159 -0.0931336 | 1.59162e-12 5.45697e-12
2.48172 -66.2659 | -0.0488522 -0.0437851 | -61.0177 -164.247
-81.3915 14.8365 | 0.389083 0.305106 | -1.36424e-12 1.81899e-12
23.0474 82.1048 | 0.40174 -0.814358 | 12.6039 -77.0186
-65.1625 23.1452 | 0.378591 -0.610526 | -2512.08 900.406
-66.6153 -18.2861 | 0.392317 -0.284041 | 57.4855 -112.337
-2.97478 52.9288 | 0.099416 0.14901 | 0 -6.36646e-12
68.7819 31.7781 | 0.227317 0.279479 | 6.82121e-13 1.25056e-11
87.938 -21.5905 | 0.534944 0.351454 | -1.04592e-11 -2.36469e-11
32.3783 -11.0072 | -0.109757 -0.199853 | 1.45519e-11 -1.09139e-11
-28.843 -20.9614 | 0.0428281 -0.172396 | -15.2408 56.3004
46.8297 29.0763 | -0.17294 -0.617377 | 345.957 -822.633
12.9076 -25.3516 | -0.602492 0.477789 | 7.27596e-12 4.54747e-12
30.0513 -52.3081 | 0.585622 -0.309933 | -35.0106 -307.398
-10.4869 -51.5175 | -0.420539 0.514476 | -1.18234e-11 1.81899e-12
-58.1225 -9.12303 | -0.878495 0.0118733 | -513.36 -0.0191733
-73.2682 39.0962 | 0.120518 -0.0582439 | -1.64846e-12 -2.00089e-11
6.8592 -43.7275 | 0.00987137 0.306653 | -1.59162e-12 -2.72848e-12
55.2281 -20.167 | 0.175965 -0.323926 | 4.14957e-12 1.81899e-12
24.7575 -59.4636 | -0.321987 0.0910934 | 1.20508e-11 4.09273e-12
-90.1815 14.9307 | 0.120519 0.300792 | -1.18234e-11 1.36424e-11
-11.3794 -5.7069 | -1.01932 0.378385 | -52.4259 -283.019
59.915 -0.0706757 | -0.234907 0.650258 | 2.95586e-12 -1.81899e-12
4.1072 24.266 | 0.320673 -0.472671 | 2233.05 -1415.22
-6.53402 87.5137 | -0.099354 -0.445953 | -1.09139e-11 -1.81899e-12
9.40017 93.902 | -0.33493 -0.485082 | 3.09228e-11 3.63798e-12
21.7639 58.8527 | 0.57756 0.721984 | -4.88853e-12 1.81899e-12
-53.6374 49.7696 | -0.315254 -0.311179 | 6.69758 37.9131
30.5824 -47.1072 | 0.851786 -0.138502 | 53.9613 176.864
-35.5943 21.2368 | 0.242232 0.0258551 | -678.485 -2880.89
-17.6798 47.2397 | -0.0801845 0.190625 | 1.09139e-11 1.13687e-11
69.774 -0.54613 | 0.537661 0.0175487 | 9.09495e-12 -2.72848e-12
-48.5906 -58.6234 | 0.157664 -0.722771 | -5.45697e-12 2.95586e-12
84.9713 30.1915 | -0.162312 -0.0899386 | -2.72848e-12 -7.27596e-12
21.287 19.6576 | 0.0370663 -0.612626 | 4.54747e-12 2.72848e-12
-58.6614 -3.58727 | -0.136179 -0.437669 | 455.874 112.356
40.9315 56.2385 | 0.140218 -0.50961 | -6.59384e-12 1.81899e-12
68.7735 -36.4255 | 0.294888 0.171135 | -1.80762e-11 -5.45697e-12
-44.1134 -64.9309 | -0.104578 -0.339845 | -8.6402e-12 -9.09495e-13
36.2045 44.5364 | 0.286425 0.387927 | -43.2221 -94.1297
79.4136 14.1315 | -0.351939 -0.0387661 | -1.90994e-11 2.27374e-12
-32.0673 18.7839 | 0.216237 -0.721718 | 827.302 -499.519
16.7631 40.1544 | 0.925848 0.296625 | -6.36646e-12 2.72848e-12
-17.8979 5.59494 | 0.0879599 -0.314128 | -1.08573 -8.52716
0.313854 -95.2258 | -0.455661 0.308254 | 5.45697e-12 -5.91172e-12
46.5525 49.4512 | 0.130751 -0.29604 | 43.2221 94.1297
48.3554 -77.7424 | 0.14012 0.319512 | 7.27596e-12 0
3.60956 -68.5882 | -0.404797 0.00254362 | -2.72848e-12 5.00222e-12
24.946 -33.5116 | 0.30754 -0.739297 | -6.36646e-12 5.45697e-12
-51.0417 -38.6914 | 0.538119 0.0703212 | 1.36424e-12 3.29692e-12
-40.7029 63.0368 | -0.0720248 -0.368129 | -2.27374e-12 -2.72848e-12
32.1015 -79.1569 | 0.708001 0.601881 | 2.72848e-12 -3.63798e-12
-50.5192 -42.0447 | -0.00185822 -0.405092 | 6.36646e-12 2.72848e-12
70.3174 14.1855 | -0.144711 -0.140014 | -12.6563 -357.575
48.2004 -39.0828 | 0.0975703 0.291525 | -6.82121e-12 -2.95586e-12
-44.8608 6.26561 | 0.346936 0.566557 | 37.4235 -66.3867
43.7966 15.7038 | -0.214484 -0.701817 | 27.9119 -72.6779
-6.11299 -7.94002 | -0.752571 0.848772 | -1073.84 250.584
40.5112 74.0379 | 0.264567 -0.616811 | -2189 3557.12
-86.3438 29.2589 | 0.56192 0.623037 | 1.81899e-12 -1.27329e-11
9.48559 8.40366 | -0.169329 0.0890715 | 5.45697e-12 1.22782e-11
0.163089 26.9933 | -0.525592 -1.04789 | -2188.43 1412.63
49.189 -10.7661 | -0.591672 -0.0517834 | -6.36646e-12 -6.70752e-12
-21.7246 39.6055 | 0.18681 0.267124 | -43.5369 11.1196
21.3504 5.82462 | 0.349475 0.170121 | 1045.93 -177.906
-39.5163 -71.9117 | -0.596059 0.176031 | 5.45697e-12 4.54747e-12
12.8321 66.8529 | 0.309334 0.140848 | -5.91172e-12 0
-21.512 -75.2906 | 0.31865 0.13975 | 9.09495e-13 6.82121e-12
27.9966 26.8477 | -0.459771 -0.283409 | 23.6509 -52.2134
-40.6261 82.0433 | 0.0537967 -0.572054 | 1.65983e-11 6.36646e-12
-26.7999 29.5394 | -0.36701 -0.270767 | -94.0399 3201.18
-22.3026 -78.9528 | 0.195368 0.0774522 | -3.63798e-12 4.09273e-12
-52.2341 72.5389 | -0.769092 -0.655199 | 4.09273e-12 -1.04592e-11
33.4088 71.9751 | -0.0867164 0.107822 | 1062.1 -1863.14
51.4607 -69.8457 | 0.527194 -0.275318 | -1.36424e-12 2.95586e-12
64.0847 -22.2339 | -0.569484 0.0278746 | -1.63709e-11 -3.63798e-12
-33.0929 15.9329 | 0.202505 0.148908 | 37.94 -46.59
-75.3335 -59.5256 | 0.071661 0.511347 | 3.99325e-12 6.82121e-12
-29.0289 -7.49579 | 0.00959698 0.0651956 | 52.4259 283.019
50.5178 -44.4474 | -0.229572 -0.0305212 | -18.9507 130.534
68.1383 36.1105 | -0.0768362 -0.0804361 | 3.06954e-12 -5.00222e-12
45.0778 33.0854 | -0.289309 -0.0528546 | -356.952 1232.42
71.2762 54.4985 | 0.270854 -0.719486 | 59.2201 -390.733
-19.5179 -38.7782 | -0.455587 -0.469258 | 0 0
-6.53836 80.0882 | -0.221376 -0.413653 | -1.13687e-13 8.86757e-12
52.9128 -64.0777 | 0.313062 0.577001 | 2.72848e-12 -4.54747e-13
-32.4287 37.7677 | 0.135576 0.28413 | -92.717 225.816
-47.3009 69.8071 | -0.40229 -0.217037 | 5.00222e-12 -4.54747e-12
-10.1094 -83.5443 | 0.401634 0.223294 | -1.81899e-11 -2.72848e-12
