12.4333 15.9067 | 0.132302 0.295928 | 6.42331e-12 9.09495e-13
39.3032 -50.5287 | -0.298933 0.0561442 | 0 -3.63798e-12
-20.903 -43.982 | 0.829175 0.45471 | 83.9111 109.684
-11.012 76.4809 | 1.26368 -0.268391 | -169.602 289.274
60.4039 22.9622 | -0.0229128 0.318197 | -654.099 -145.062
-18.0499 87.4986 | -1.00941 -0.476439 | -9.09495e-13 5.85487e-12
-34.8854 87.2827 | -0.340764 -0.686157 | 3.63798e-12 9.09495e-12
-38.9325 78.0008 | 0.162899 0.126478 | -7.27596e-12 -8.18545e-12
-17.7229 9.97569 | -0.461223 -0.054551 | 6.82121e-12 3.41061e-12
31.0967 80.1449 | 0.599478 -0.178107 | -6.76437e-12 0
-54.4301 -51.96 | 0.203742 1.2174 | 9.09495e-12 1.81899e-12
67.7009 44.7692 | 0.144988 0.149979 | -2.27374e-12 -8.18545e-12
72.1177 63.9309 | 0.11484 -1.49712 | 2569.87 998.048
25.7096 -16.3883 | 0.71096 -0.354918 | -2.72848e-12 7.19069e-12
-6.05617 -79.1625 | -0.12111 -1.05109 | 3681.48 6218.96
-32.0553 35.0487 | 0.181957 -0.124802 | 3.18323e-12 6.13909e-12
81.9795 16.2751 | 0.031153 0.730386 | -7.7307e-12 3.63798e-12
12.6874 63.0449 | -0.420773 0.00221978 | -9.09495e-13 1.81899e-12
74.1733 -15.5109 | -0.713854 0.344903 | 215.214 -1198.09
18.3672 35.3826 | 0.155462 0.230241 | -4.37694e-12 -1.7053e-12
-6.57224 -36.3725 | -0.150963 -0.129069 | 5.45697e-12 2.27374e-12
83.2199 3.20404 | -0.254556 1.16737 | 282.774 352.468
51.1841 56.9824 | -0.496992 0.862844 | 98.3963 124.021
-45.4476 51.5973 | 0.270267 0.151895 | 1.38698e-11 1.86446e-11
80.5258 31.5054 | 0.22218 -0.479873 | 654.099 145.062
-12.4018 33.9333 | 0.581099 -0.238581 | -2.27374e-13 1.04592e-11
46.3894 50.5141 | -0.471343 0.295356 | -98.3963 -124.021
74.7797 -24.1589 | 0.064589 0.683289 | -373.248 2494.8
32.7252 15.3665 | -0.312559 0.0528216 | -3.63798e-12 -5.45697e-12
50.736 -44.5682 | -0.5976 -0.142358 | -6.36646e-12 4.54747e-12
-74.6293 15.1852 | 0.5947 -0.018984 | 470.55 396.802
22.9218 58.8538 | 0.530628 0.413416 | -9.23706e-13 1.81899e-12
-75.5197 31.8592 | 0.724965 0.447811 | 3.63798e-12 -4.09273e-12
-82.8268 12.0364 | -0.603068 0.342269 | -1.27329e-11 5.45697e-12
22.0608 -82.1278 | 0.0375183 0.726627 | -2.72848e-12 5.45697e-12
-25.9106 -55.0757 | -0.0261268 -0.573658 | -270.83 274.504
49.9718 -2.05443 | -0.277983 -0.449374 | 2.27374e-12 -4.77485e-12
7.78279 87.7366 | 0.857284 1.26196 | -2.97007e-12 1.31877e-11
-23.8595 -75.2604 | 0.692561 0.482663 | -1.81899e-12 -1.05729e-11
-50.7405 47.9484 | 0.408671 0.455937 | -1.84741e-12 5.20117e-12
-25.5411 18.8572 | -0.441333 0.240932 | 0 -9.09495e-12
9.41346 -95.5651 | 0.0325317 0.178684 | 2.00089e-11 0
37.7332 29.0124 | 0.465653 0.766745 | -1.04592e-11 -2.04636e-12
-70.0212 -28.3046 | 0.598145 -0.280298 | -2.72848e-12 2.27374e-13
-57.2831 24.7509 | -0.697443 0.129988 | -2.27374e-12 1.81899e-12
-47.824 -33.4931 | 0.584683 0.162662 | 547.425 1969.07
0.0573768 72.0639 | 0.20896 1.30238 | 519.329 -2348.64
75.3623 -43.8125 | 0.490898 -0.884089 | -3873.23 2276.53
77.6414 51.5098 | 0.312009 -0.236096 | -5.00165 -207.393
6.85084 2.76153 | 0.807811 0.550885 | 3.63798e-12 7.95808e-13
85.8197 20.9794 | -0.290681 -0.0439996 | 1.11413e-11 1.18234e-11
25.3225 93.3147 | 0.187713 0.042625 | -103.662 961.062
8.64197 -66.8278 | -0.30106 0.370429 | 708.673 174.025
7.06509 94.8837 | -0.654856 0.985571 | 103.662 -961.062
-67.1431 -3.08117 | 0.442985 -0.0652949 | 4.3201e-12 -1.78488e-11
-4.83714 -91.4364 | -0.24293 -0.228067 | 9.09495e-13 -1.45519e-11
-63.1225 -44.725 | -0.440476 0.61738 | -521.754 -558.213
-11.8014 49.6657 | 0.47534 -0.0839373 | -65.3731 -202.901
-26.0305 73.1039 | -0.746543 -0.484124 | 0 -7.27596e-12
-9.23277 -84.2649 | 1.08923 0.364353 | -3681.48 -6218.96
79.1529 -1.67075 | -0.807869 -0.843824 | -497.988 845.622
38.5293 72.3739 | 0.831205 0.333152 | 0 -6.82121e-12
-70.3772 -47.3197 | -0.194166 -0.087568 | -3.63798e-12 -1.18234e-11
-84.2111 27.5811 | 0.891236 -0.851958 | -470.55 -396.802
-40.84 -87.176 | 0.252684 0.149589 | -778.689 -1619.83
3.99904 -2.29437 | 0.389791 -0.0425281 | -4.54747e-13 -4.54747e-13
49.3573 -38.2715 | -0.0760602 -0.429899 | 4.54747e-13 -1.81899e-12
-60.9784 58.9891 | -0.252937 0.508956 | -4.54747e-12 3.63798e-12
-55.9941 -77.2362 | -0.785029 -0.408073 | 773.196 1596.96
-58.2906 -63.2649 | 0.637858 1.33553 | -5.91172e-12 0
7.94577 -45.1915 | -0.160347 -0.744921 | 9.09495e-13 -2.72848e-12
10.0529 -53.2201 | 0.418727 -0.370701 | -5.68434e-13 5.91172e-12
-53.7251 -59.2738 | 0.35675 -0.0998981 | 5.57066e-12 -3.18323e-12
-74.8266 -12.8885 | 0.426065 0.0332258 | 30.4867 80.5641
24.8198 -86.6231 | 1.14694 0.688624 | 4.54747e-12 1.81899e-12
29.756 -61.1644 | 0.179169 0.0571522 | -3.63798e-12 1.81899e-12
38.3034 -22.6535 | 0.559644 -0.537676 | -5.81224e-12 1.18234e-11
6.57046 45.9899 | 0.189549 1.22133 | 79.194 66.7113
-42.9054 -70.5969 | -0.343407 0.574569 | 5.49318 22.8671
58.6735 6.97572 | -0.00108853 0.815644 | 0 -7.95808e-13
59.7509 -33.4682 | 0.584804 -0.0628809 | 373.248 -2494.8
16.2903 26.7831 | 0.188134 0.184494 | 3.63798e-12 -9.09495e-13
46.5396 -7.99188 | 0.798449 -0.0124964 | 1.36424e-12 -1.13687e-12
-8.64827 -10.9043 | 0.637103 0.0225677 | -5.68434e-13 -9.66338e-12
55.3077 -23.9776 | 0.462754 -0.0631084 | 1.81899e-12 9.09495e-13
-11.7954 -25.8544 | 0.202795 -0.664339 | -7.7307e-12 1.09139e-11
-60.6514 36.9762 | 0.305953 -0.920065 | 4.54747e-13 -7.84439e-12
56.6868 73.2037 | 0.0340084 0.348841 | -2564.87 -790.655
-42.7868 -8.31156 | -0.466151 0.439224 | -4.3201e-12 -2.27374e-12
36.0973 -88.5259 | 0.218422 -0.0623276 | -1.81899e-11 2.72848e-12
64.5239 -65.9403 | 0.426571 0.241333 | 9.09495e-12 -6.82121e-12
-28.7528 -35.0202 | -0.649613 -1.16455 | -547.425 -1969.07
-65.1567 23.03 | 0.425911 0.185018 | 1.81899e-12 4.09273e-12
-68.5216 60.256 | 0.20936 -0.592336 | -8.86757e-12 5.91172e-12
-37.3671 59.3554 | 1.3087 -0.0903858 | -363.548 2195.56
-73.0405 -20.4802 | -0.427539 -0.460303 | -30.4867 -80.5641
35.8875 -65.2019 | 0.489766 -0.373223 | 2.72848e-12 5.91172e-12
83.8725 -37.9986 | 0.464169 -0.458715 | 3873.23 -2276.53
-38.4181 4.0167 | 0.148008 -0.431346 | 1.36424e-12 1.13687e-12
-69.395 -38.8743 | 0.189619 1.02099 | -1.81899e-12 0
