-71.2588 -8.24197 | 0.964075 0.290136 | -2.54461 5.77836
-50.9044 -37.6425 | 0.203149 -1.18341 | 311.117 482.483
7.74968 -32.6435 | -0.267071 0.0471548 | 1227.5 4177.73
-12.8239 22.6297 | -0.305652 0.181021 | 835.584 -2123.96
-50.9991 -68.8131 | -0.182361 0.321521 | -952.149 -1072.48
-68.1072 -43.8471 | -0.241014 -0.831236 | -150.164 -223.918
-20.9579 -16.1469 | -0.328988 -0.320199 | 8.01545 -10.9069
-52.5013 30.0962 | 1.07253 0.0352193 | 1098.46 -3163.58
9.2408 74.149 | 0.694327 1.30904 | -7.11486 -33.8635
-16.4966 -65.1523 | 0.563857 -0.770586 | 94.3186 280.616
-2.67703 -74.626 | -0.267433 -0.984484 | 317.838 1375.75
50.5226 15.8506 | 0.168803 0.51316 | -158.743 669.225
-34.7842 -26.7669 | -1.24189 -1.15351 | 96.5587 -290.306
16.1409 -55.9502 | 0.118643 -1.06169 | -329.051 -765.251
-82.1195 25.9514 | 0.495021 1.25989 | 344.33 -4054.06
-65.4814 13.9431 | -1.06904 1.24362 | -3962.1 2329.93
-57.4549 6.11439 | -0.298557 -0.348844 | 0 9.09495e-13
73.9537 47.3837 | 0.173489 -0.191044 | -14.2864 -210.047
38.6037 9.21166 | 0.649991 -0.103483 | 9.09495e-13 1.84173e-11
-26.6705 17.2647 | 0.620485 0.312932 | 417.693 1133.28
62.1087 -27.3163 | -0.048751 -0.306095 | 2631.76 -6575.12
-17.0185 -93.4271 | -0.837038 -0.68221 | -436.02 990.792
26.2963 69.7455 | -0.30012 0.907536 | -186.865 -1173.88
60.4028 33.6286 | -0.258567 1.06377 | 8.81073e-13 -4.54747e-12
-17.4428 84.1802 | 0.226237 0.845209 | -1129.55 3451.19
17.204 -25.0049 | 1.48218 -1.4262 | 5.00222e-12 -4.54747e-12
66.8414 1.42896 | -0.230158 0.321646 | -4.09273e-12 -4.54747e-12
-32.7479 -20.2415 | 0.375215 -1.08117 | 1.36424e-12 -4.54747e-13
73.6957 -12.3085 | 0.600869 -0.114371 | -2.27374e-12 6.36646e-12
28.6845 87.2222 | -0.732425 -0.427854 | -1131.37 2889.43
-43.3021 45.3909 | -0.28727 1.44885 | 2457.12 -3779.01
-29.8325 -13.7568 | -0.24487 -1.45795 | -183.515 -393.356
-4.87843 -53.6055 | -0.235196 -0.928139 | 329.051 765.251
-25.3794 46.9404 | -1.3493 0.886237 | -14.5249 37.6903
-68.255 9.81143 | -0.540504 -0.180232 | 79.0829 63.5306
13.8317 -15.7916 | -0.174066 -0.378385 | 1.81899e-12 2.68585e-12
30.883 -22.1325 | -0.267042 -0.865914 | -3.16192e-12 8.86757e-12
-79.0269 -38.234 | -0.261179 0.0379939 | 150.164 223.918
14.7005 -82.2788 | -0.328514 -1.04479 | -2163.99 3687.01
33.1978 -78.428 | 0.411548 -0.376298 | 452.98 -88.2077
14.1213 62.2207 | -0.0475712 0.991432 | -302.897 37.7515
-11.9182 -70.5227 | 0.562071 -1.14208 | 637.183 -607.743
-18.1211 -31.2938 | 0.40635 -1.09858 | 610.628 1029.66
-79.2432 10.2809 | -0.612214 -0.0360573 | 3428.38 -3260.83
-57.0395 70.2653 | -1.90043 0.416557 | -273.124 1367.94
43.7023 -12.8965 | 0.571007 -0.497945 | 123.259 226.152
-40.1654 -79.152 | -0.929299 0.442557 | 1248.72 -2551.88
17.6612 0.434268 | 0.137811 -0.634711 | -24.0262 -75.1578
-2.95989 24.6504 | 0.813013 0.915251 | -2020.35 760.78
-0.136225 26.5801 | -0.76373 0.577703 | 1180.87 1352.82
19.3749 17.6054 | -0.285725 0.0928437 | -20.8293 65.8983
-0.734429 32.251 | 0.596965 0.927491 | -0.579851 -229.988
-20.8936 78.1814 | -0.406969 0.108828 | -973.399 -887.717
-78.5094 -45.1062 | -0.610007 -1.53106 | 14.5772 -25.3717
15.4404 30.4494 | -0.286494 0.924788 | 18.4372 72.3232
22.4833 -90.0129 | 1.15213 -0.0554626 | -1072.07 -4602.76
-25.443 -5.2775 | 0.104617 -0.466565 | -867.853 1834.4
-28.2354 44.2148 | 0.397171 1.6019 | 14.5249 -37.6903
-66.3985 -58.353 | 0.693305 -0.537573 | -28.7553 -189.64
-22.3543 -9.51027 | -0.882188 -0.158532 | 914.204 -542.336
56.8195 -53.8663 | -1.00207 -1.0792 | -244.081 -1005.4
7.45933 -5.70297 | 0.547863 0.161155 | 249.127 -354.817
52.67 -6.46009 | -0.353649 -0.592817 | -1.48774 8.81551
41.8201 -47.6744 | 0.906685 -0.781587 | -222.309 -360.569
39.7495 -66.8296 | -0.611611 0.28777 | -201.177 465.839
-10.8184 34.119 | 0.801136 0.86254 | 0.579851 229.988
-23.6528 -46.9986 | 0.0440741 -0.923782 | 9.09495e-13 2.50111e-12
24.7495 -29.8855 | 0.672009 -0.726524 | -122.762 364.197
-16.0323 18.9496 | -0.0674072 0.635669 | 44.7682 -184.059
12.915 -93.0613 | 0.801646 -0.0513301 | -641.574 -537.97
54.5245 -22.8893 | 1.10931 -0.383819 | -4442.16 7462.15
-64.4448 3.11092 | -1.30713 0.56017 | -1314.09 2318.46
41.9862 -83.3436 | 0.878251 0.581657 | 2685.1 -5162.85
51.9771 10.6678 | 1.59349 0.964532 | -250.848 -297.784
-54.4284 18.9869 | -1.27034 0.549884 | 80.8502 146.834
63.1999 -67.6671 | 0.717073 -0.560368 | 1148.51 -716.25
18.7939 -22.1932 | 0.222961 -0.66545 | 13.3811 -52.9671
47.0364 -39.7735 | -0.391319 -1.2325 | -872.025 -3719.87
-63.9999 -26.0303 | 0.365943 -0.507872 | -1178.33 -2122.84
37.6798 -8.96278 | -0.151597 -0.596097 | 1.48774 -8.81551
47.3911 -63.1753 | -0.835901 -0.850887 | -1876.84 1403.55
52.1411 77.4533 | 0.27341 0.771087 | 82.1723 -1397.6
46.6767 31.5869 | 0.393987 1.38712 | -66.1841 179.043
29.7072 51.1903 | -0.290518 1.47485 | -218.05 -1738.81
-74.2485 -10.8794 | 1.30317 0.645953 | 2.54461 -5.77836
-31.0408 -61.5456 | 0.462293 -1.56024 | 340.122 -213.363
62.403 3.67736 | 0.113359 -0.517065 | 24.0262 75.1578
-62.6749 -47.4591 | 0.0911341 -0.842379 | -14.5772 25.3717
-81.0082 13.5306 | -0.380506 -0.646589 | 2431.36 -1077.49
-28.4519 37.0731 | -0.626015 0.881749 | -14.6775 -22.9499
-39.3692 71.16 | 0.110345 -0.0875697 | -1174.86 -2965.61
-62.5298 -22.8412 | -0.581033 0.058418 | 1097.71 2439.58
7.34685 90.0647 | 0.805423 -0.102794 | 2.27374e-13 8.86757e-12
-16.3245 87.3019 | 1.38697 1.33861 | -70.2118 161.884
75.6462 11.5272 | -0.794025 -0.333531 | 1465.63 -1158.62
-9.57043 -80.9058 | 0.313242 -0.940043 | 13.6401 323.173
27.359 72.6252 | -0.503142 0.394563 | 186.865 1173.88
62.3838 44.1158 | -0.0252604 1.3773 | -663.737 -589.021
84.7922 -18.4585 | -0.59794 0.442027 | 1777.72 -1320.66
-47.7016 -61.3022 | 0.586758 -0.0544059 | 925.622 1734.35
-47.7254 -71.2436 | 0.391472 0.927961 | -916.293 -44.6057
-49.2573 -51.8185 | -0.0617123 -1.22663 | -44.2599 163.087
19.9526 79.6474 | 0.338181 0.378663 | 4.54747e-13 -9.09495e-13
3.50454 10.3545 | -0.685308 -0.0177382 | -0.0623923 0.67691
-44.5631 63.446 | 0.539783 0.32716 | 15.6891 -49.414
48.3575 -44.3899 | 0.22105 -0.748807 | 222.309 360.569
-1.66023 -2.54361 | -1.3743 -0.0567256 | -110.391 -543.172
63.4092 23.1787 | 0.604568 -0.335489 | -85.7845 -147.397
53.3465 19.6668 | -0.039424 1.38571 | 286.567 -1632.97
11.4252 86.2393 | 0.307945 -0.127747 | 1197.23 -3747.86
20.0255 -18.3573 | -0.164884 -0.752739 | -13.3811 52.9671
-63.1533 55.4829 | 0.203945 -0.115366 | 2013.94 5433.23
-52.0847 31.8007 | 0.578538 0.16494 | -770.106 4382.1
-63.8625 0.720421 | -0.504711 0.289498 | 4254.73 -134.738
61.3314 60.3146 | 0.51337 -0.412672 | -811.74 -2069.21
71.143 -39.5792 | -0.13658 0.119972 | 1852.67 -1938.45
24.0187 4.79363 | 1.33329 0.0795774 | -2.16005e-12 1.06866e-11
53.2516 46.7951 | 0.622195 1.24576 | -1644.96 -4336.35
71.4895 -37.1986 | -0.570158 0.134371 | -1459.45 1405.31
-0.258132 -84.3353 | -1.24273 -0.284855 | -1398.38 -785.516
21.5681 56.4535 | 0.102165 2.69746 | 475.279 271.761
-3.61557 -60.3816 | -0.432129 -0.544338 | -124.322 123.049
9.13102 -94.5102 | -0.364826 0.380099 | -287.318 -516.991
63.3201 -47.5098 | 1.34021 -0.846736 | 3.63798e-12 -1.81899e-12
-33.7677 2.34667 | -0.0105949 0.836785 | 3.63798e-12 3.41061e-12
-76.0451 -17.3902 | 0.774466 0.0144992 | -204.606 1265.66
-14.4486 48.245 | -0.524406 1.66181 | -25.5029 -317.657
88.8768 21.2525 | -0.184898 0.384547 | -1.45519e-11 1.81899e-12
64.513 26.9652 | -0.274737 1.89294 | 151.969 -31.6458
-28.4662 70.0028 | 0.647811 0.780583 | 93.2633 -986.601
-66.6092 44.2743 | -0.0480068 0.215525 | 1166.16 -1776.98
-63.455 46.232 | -0.585913 1.01928 | -396.201 664.096
67.7683 65.5593 | -0.499039 -0.160459 | 171.658 329.664
59.3972 -56.3497 | -0.0206455 0.0934461 | 821.01 2688.37
-45.7496 83.0206 | 0.0877362 0.110329 | -527.872 458.988
74.3903 45.1931 | 0.660254 0.491297 | 2275.85 4875.96
-0.261974 -42.1087 | -0.951013 0.0760245 | 3.63798e-12 1.81899e-12
10.1089 94.8476 | 1.73783 -0.411581 | -4.39529 34.0396
-9.7113 13.3468 | 0.363273 -0.344936 | -465.952 -913.09
20.8802 -69.0215 | -0.0103477 -0.694485 | 6.66597 13.6948
61.5885 37.9022 | -0.0438607 0.363577 | -349.033 1909.07
63.7569 -49.7185 | 0.119914 -0.393733 | 244.081 1005.4
-3.03905 97.0463 | 0.0619806 -0.326119 | -2.36469e-11 9.27258e-12
83.8397 -13.8091 | 0.186978 0.295265 | 1300.58 -300.83
19.9359 -65.9911 | 0.355778 -0.669871 | 255.9 -525.143
66.6978 35.1224 | 0.693062 0.493553 | -1683.45 -3527.24
49.6139 6.67447 | 1.28331 0.688107 | 0 -4.54747e-13
-69.6807 -32.36 | 0.592726 -0.390802 | -1.25056e-12 -7.27596e-12
65.3175 20.0123 | -0.177617 1.00983 | -1342.6 2420.15
-82.1678 -3.85963 | 1.00866 0.96227 | -5.21538e-12 -2.18279e-11
-11.6736 91.8484 | 0.207894 -0.552822 | 6.93515 100.746
-11.6269 10.5227 | 0.620299 -0.293191 | -11.7619 -432.926
63.858 -57.6508 | 1.05954 0.531745 | -821.01 -2688.37
-45.0129 81.0769 | 0.470318 -0.0191998 | 1508.39 462.592
70.5715 -4.6745 | 0.597847 -0.0266047 | -2.38742e-12 -4.54747e-12
-13.5296 72.6649 | -0.519866 -0.338944 | 1800.74 3014.34
-66.8955 50.1742 | 0.402717 1.5122 | -3212.4 4914.84
28.5776 48.4969 | -0.376476 1.74674 | 0 4.54747e-13
-39.7403 61.3935 | -0.0271748 0.477613 | -3.06988 3.25973
-20.509 0.175961 | -0.163441 0.370096 | 0.0623923 -0.67691
35.2479 -14.4867 | 0.142925 -0.158026 | -6.59384e-12 5.00222e-12
35.0083 84.3014 | -0.377293 0.0351691 | 1049.2 -1491.83
10.2176 50.9825 | -0.404867 1.93628 | 44.7673 1432.35
6.16507 -30.1341 | 0.144503 -0.850073 | -487.865 -1393.86
-47.4759 65.4286 | 1.06271 -0.0585234 | -146.029 -210.001
-85.7316 13.4701 | -0.771469 1.23872 | -2352.42 2262.4
-22.2592 -86.5084 | -0.375372 -0.582185 | -26.072 -139.52
-32.3389 -84.6691 | 0.23812 -1.01828 | -2.27374e-13 3.63798e-12
29.9134 45.0642 | -0.169998 1.81181 | 25.5029 317.657
-7.81113 -96.8824 | 0.108909 -0.287777 | 553.104 -1402.34
2.58661 57.4909 | -0.153597 0.808355 | 0.900375 -3.05098
-70.9565 22.9182 | -0.714284 1.07833 | 3.63798e-12 6.36646e-12
-80.0328 25.1057 | -0.959095 1.00566 | 295.537 -289.739
67.6024 39.3569 | 0.582697 1.51215 | 2032.49 1618.16
68.8611 -29.9039 | -0.618089 0.364862 | -7.78026 13.3267
31.6949 -73.3436 | 0.352891 -0.681983 | -166.649 533.166
-76.5555 35.6399 | -0.493767 0.264092 | -343.296 396.903
-72.5271 41.7647 | 0.321762 0.858212 | -2.84217e-12 -4.43379e-12
-13.126 -41.6514 | -0.594073 -0.888592 | 3.63798e-12 4.54747e-13
47.6863 -78.1458 | 0.221005 0.137836 | -367.333 130.356
-79.4721 -48.9716 | 1.10987 0.00306519 | 73.0151 26.5529
78.4552 -30.9467 | -0.149892 -1.34155 | -325.441 561.83
2.81807 -37.6455 | -0.456422 0.138002 | -409.65 -544.517
69.0357 59.3558 | 1.24915 -0.0477017 | 686.307 1863.05
-72.3659 -0.214068 | -0.23482 0.743047 | -2564.95 -2501.26
-6.06068 20.5756 | -0.707622 -0.116963 | -59.3007 122.096
-48.0852 76.5371 | -0.893419 0.347504 | -40.7512 310.797
-77.3347 -36.0404 | -0.00410544 -0.373968 | -311.117 -482.483
-70.2992 -29.238 | 0.741 -1.25474 | -15.9396 -26.4336
-47.1794 -19.1285 | 1.58107 -1.43857 | 214.942 -1284
5.7046 -10.3384 | -1.1773 0.33016 | -19.9235 28.5272
84.8364 -24.1777 | -0.120021 -0.262316 | 10.996 39.1928
-57.2884 -71.3441 | -0.69491 -0.552875 | -60.0588 -137.542
77.1049 -14.0198 | 1.4721 -0.309382 | -1407.98 513.751
-56.8918 54.5055 | 1.0505 -0.257141 | -2285.79 -5917.94
59.2984 57.5526 | -0.555965 0.641551 | 0.908953 135.955
33.4707 -86.9718 | 0.33293 -1.47707 | 4026.12 7012.96
-15.6414 -88.7553 | -0.607387 -0.623177 | -666.314 -497.51
-45.8417 -76.8682 | -0.102739 0.0858788 | -1349.27 1528.36
-82.1908 27.6821 | -0.614774 0.0498621 | -624.928 2728.37
