36.8266 22.9108 | 0.0931744 0.0728439 | -770.392 -1878.62
-34.3393 -86.7479 | -0.112815 -0.118211 | -1.45519e-11 0
-20.2935 -19.3379 | -0.406416 -0.476386 | 71.318 -299.844
28.6647 48.8896 | -0.463674 -0.330765 | -2623.71 2447.92
24.2036 4.93247 | 0.170125 -0.12965 | -289.476 1000.95
38.166 -25.5077 | -0.459229 0.12251 | 71.6711 -157.937
-27.1615 65.4151 | 0.120558 -0.642422 | -178.597 -509.36
-55.1524 43.9414 | -0.722228 -0.117243 | 35.1083 103.822
38.0274 -2.13858 | -0.472099 0.281299 | 9.09495e-13 7.7307e-12
-14.6044 -3.0993 | -0.211346 0.309044 | 742.377 -903.98
78.0232 -41.9588 | -0.0286807 0.319268 | 20.9861 -296.764
-11.9091 -63.65 | -0.0485733 0.10738 | 8.6402e-12 9.09495e-12
-56.3547 -34.7824 | -0.0405823 0.209168 | -1159.1 2082.5
-45.2761 -46.7029 | -0.0733959 0.557605 | 792.34 1859.9
-44.064 33.4293 | -0.0480193 0.372449 | 9.09495e-13 -3.63798e-12
5.92735 76.909 | -0.407842 -0.554138 | -339.869 -1917.61
-12.9853 -56.1753 | -0.448299 0.121344 | -1141.25 -811.041
-61.3612 -51.2779 | 0.125556 0.0840523 | -64.8852 -114.618
1.15638 -51.8015 | -0.211736 0.147394 | -673.153 -622.582
-36.8735 -66.1194 | -0.249292 0.3249 | 107.538 -1058.74
-33.4466 53.9813 | 0.686646 -0.702191 | -1031.59 -1158.4
29.1376 -30.1319 | -0.41566 0.217959 | 1165.55 -1253
-50.8984 -58.2473 | 0.0385056 -0.265432 | -2.09184e-11 7.7307e-12
49.708 33.0015 | 0.222038 0.383898 | -8.11247 -18.5696
-31.7891 -30.3776 | 0.384337 -0.0902403 | 112.667 -103.646
-70.1824 -12.0513 | 0.100391 0.319749 | 7.27596e-12 1.00044e-11
-41.6481 -35.6837 | -0.135739 -0.041715 | 1398.19 -1572.23
29.5243 -65.9458 | 0.0605 0.300139 | 1268.44 1003.01
30.2416 20.7428 | 0.149445 0.408085 | 233.301 12.9503
25.8169 -70.8113 | -0.221222 0.179326 | -15.0756 10.1018
8.91247 54.822 | 0.190414 -0.250301 | 226.673 -375.923
-50.0463 53.115 | 0.433309 -0.596243 | 0 1.22782e-11
31.309 68.5342 | 0.236004 0.105246 | -8.6402e-12 -2.50111e-12
-42.3115 64.4449 | -0.147051 0.0814118 | -404.363 -851.432
6.62795 72.5709 | -0.273344 -0.957041 | 8.67286 13.539
22.3397 46.807 | 0.218962 -0.241521 | 3181.75 -4343.27
-14.7473 75.2628 | 0.319945 -0.809698 | -418.562 -183.977
36.251 66.5695 | 0.171613 0.0257511 | -58.89 185.519
13.9704 43.8986 | 0.225282 0.256375 | 38.1494 -82.9575
-22.9547 25.921 | 0.639972 -0.00214881 | 88.7403 239.548
-28.5684 86.3489 | -0.0572218 -0.248396 | 153.522 -62.1412
-26.4436 17.341 | -0.140198 0.0924923 | -512.729 705.657
38.3318 -7.00129 | 0.447288 -0.340662 | -5.45697e-12 -2.05205e-11
88.4833 -21.2845 | -0.158281 -0.0104106 | 2.59206e-11 -1.16529e-12
-52.8043 -16.4122 | 0.483257 0.65769 | 3.63798e-12 -3.63798e-12
55.6243 -37.5006 | 0.364104 0.400777 | 1276.18 2304.29
2.10898 -7.35424 | 0.291198 0.540752 | 14.6346 -186.717
38.8713 -59.6853 | 0.722185 0.596733 | -694.215 891.824
7.70191 -22.5458 | 0.0453842 -0.490797 | 32.7761 -2607.03
37.8656 24.6901 | 0.307207 0.111328 | 415.599 998.351
-7.00302 93.1875 | -0.347432 -0.516802 | -1.81899e-11 -1.18234e-11
-57.2769 -24.8268 | 0.198091 -0.0624234 | -5.25631 62.3275
-36.5841 2.6495 | 0.0549823 0.271669 | 20.3168 -35.6105
-14.6551 13.8582 | 0.114709 -0.203702 | 1.00044e-11 0
-25.4257 -17.0014 | -0.176578 0.187849 | -2585.74 3303.59
-51.6507 -49.2733 | -0.141287 0.102177 | -727.455 -1745.28
23.4629 -23.196 | -0.45709 -0.0699809 | -4.43379e-12 -9.09495e-13
-40.8794 15.5003 | 0.231489 0.506214 | -8.18545e-12 -4.54747e-12
-27.4993 59.3013 | 0.0608522 0.27463 | -661.16 444.126
-9.88737 -20.6643 | -0.462359 -0.200311 | 405.368 -544.535
13.1892 88.0306 | -1.06041 0.711574 | -2.91038e-11 -9.09495e-12
60.8567 -15.741 | 0.136384 -0.50853 | 346.177 -912.275
9.14536 -34.0111 | 0.606498 0.136154 | -4276.25 5585.44
32.5829 2.02717 | -0.299011 -0.175093 | 8.6402e-12 -5.68434e-13
1.29876 40.0309 | 0.251767 0.0979494 | -30.4668 85.2611
44.4885 -12.518 | -0.322185 0.187235 | -67.9536 2483.81
12.93 -94.2874 | -0.199533 0.429327 | 2.54659e-11 -5.45697e-12
-52.1277 -28.128 | 0.740881 -0.165103 | -1076.77 1377.26
-51.864 -44.9072 | -0.588268 0.106789 | 2.72848e-12 5.00222e-12
50.9975 7.74976 | 0.594575 0.641716 | -1639.25 -1419.38
-32.0998 -85.1084 | -0.528424 0.447902 | 22.6472 -79.2412
-21.3746 -61.6789 | -0.130212 -0.00338226 | -107.538 1058.74
-25.1913 -59.7434 | -0.265813 0.00663955 | 40.58 -95.76
-15.8481 -11.0217 | 0.0119027 -0.573885 | -0.197075 -53.6807
62.8238 27.1013 | -0.348896 -0.0592277 | -4.54747e-13 2.04636e-12
45.0194 35.7496 | -0.203227 -0.215984 | 17.0469 -344.011
65.0978 23.9966 | 0.233013 -0.226055 | 3.15124 5.65443
-63.5346 49.4737 | -0.643508 0.328109 | -3.41061e-12 -1.00044e-11
-41.8092 4.96512 | 0.283613 -0.281056 | -1.35223 2.06997
-59.9829 -39.1483 | -0.459226 0.0531102 | 295.224 1527.97
-25.1415 -27.3288 | 0.0721188 -0.175622 | 679.437 -591.756
52.4511 -26.2348 | 0.321264 0.507294 | -771.308 1793.11
-22.8815 -32.0587 | -0.101428 0.264764 | -120.699 -137.319
-61.8204 21.4863 | -0.337428 0.149583 | 979.379 106.129
55.6319 49.8775 | 0.572535 -0.19192 | 4.09273e-12 -5.45697e-12
-23.7816 22.9735 | -0.160417 0.529322 | -88.7403 -239.548
-31.7689 76.0418 | 0.114705 -0.680616 | 489.081 904.305
68.8485 10.3019 | 0.780348 -0.132148 | 351.641 874.615
62.0027 -63.7446 | 0.460082 0.209652 | 536.645 -347.428
8.65354 12.5512 | 0.0564438 0.0805322 | 3.63798e-12 -7.16227e-12
-5.1166 87.8541 | -0.0627342 -0.5486 | -2865.41 4118.67
-61.393 46.7773 | -0.0823869 -0.0829867 | -3.63798e-12 -2.72848e-12
13.1432 8.21822 | 0.465786 0.0735121 | 105.57 -190.114
20.8662 -74.0841 | -0.0826428 1.09816 | 1.16601 -21.8975
49.6393 72.9158 | 0.23089 -0.165318 | 6.15936 52.5197
57.5692 29.1886 | 0.226676 -0.689393 | 2.72848e-12 -5.45697e-12
52.361 -44.9255 | 0.00458135 0.209365 | 1795.47 -413.377
-9.58531 -77.6884 | -0.0044114 0.499283 | -61.0691 -5.94175
78.5707 5.14563 | 0.0518752 -0.153674 | 1.56888e-11 1.40972e-11
21.4811 71.8705 | 0.167664 0.480189 | 4.54747e-12 6.82121e-12
-40.0847 -75.6987 | -0.496599 0.407691 | -116.097 872.884
-15.3065 60.9064 | -0.143773 0.327774 | 95.6484 99.4536
56.9958 56.4679 | 0.454607 -0.457359 | 334.693 -1412.59
-41.4792 -68.5155 | -0.1401 0.226815 | -1.09139e-11 4.09273e-12
-21.1479 -17.5492 | 0.0524501 -0.0326216 | 2515.68 -3074.17
-58.6455 -16.8763 | 0.340574 0.292396 | 502.284 -576.391
-61.3112 10.3058 | -0.800031 0.744617 | -3.63798e-12 -6.36646e-12
10.3076 -57.5899 | -0.0718071 -0.404134 | 52.4574 -22.6454
8.87757 -46.182 | 0.396863 0.548657 | 8.50695 -29.935
-45.7201 6.65541 | -0.0461884 -0.0216622 | -5.54966 -15.5307
17.1339 59.0789 | 0.669821 0.291228 | 42.0816 1119.46
-68.4344 33.4398 | -0.0733786 0.413409 | -1.27329e-11 6.36646e-12
-22.9301 89.9408 | -0.0685622 0.0403799 | -160.461 196.416
-30.1212 -55.8698 | -0.219874 -0.449579 | -43.8509 85.7326
-47.5755 41.5953 | 0.36687 0.0723747 | -641.992 -2649.38
65.9631 -57.6182 | -0.407085 -0.0157174 | 42.6826 -300.763
48.6065 -10.4871 | -0.113675 -0.306787 | -1.36424e-12 7.27596e-12
69.9612 -30.1617 | 0.335871 0.185654 | -20.9861 296.764
48.7413 -53.8541 | 0.455264 0.197709 | -84.8796 -211.613
-39.6783 37.0619 | -0.195359 -0.0991293 | -4.54747e-12 1.68257e-11
-39.711 72.0787 | -0.315006 -0.105049 | 9.09495e-12 6.13909e-12
-35.2671 80.7767 | -0.432537 -0.0592895 | -1106.17 -2293.7
45.36 -71.5997 | -0.129679 0.656469 | -47.1498 -393.065
31.5742 76.0904 | -0.0309477 -0.390349 | 0 -3.41061e-12
-22.2561 -5.07965 | -0.0487253 0.462712 | -184.875 -195.939
-14.3613 -82.6099 | 0.158778 0.312524 | -14.7906 -2565.41
23.8463 -32.6087 | -0.0876074 -0.355231 | 130.851 6.26182
45.4555 -41.9794 | -0.263285 0.703797 | -1873.94 -247.16
-78.2774 7.65678 | -0.301309 0.0525402 | -274.107 -1386.41
66.466 50.5848 | -0.591839 -0.158101 | 5.00222e-12 1.81899e-12
9.96986 -85.9536 | -0.0816371 0.335133 | 76.0874 -248.218
-9.40862 31.3585 | 0.130021 0.141532 | -40.207 2.24561
51.3037 3.62798 | 0.603257 -0.132513 | -3.05192 -15.7197
62.4353 -33.8829 | 1.05343 -0.0447326 | -3.41061e-13 -1.81899e-12
40.1705 44.4389 | -0.32397 -0.347603 | -532.157 32.906
-21.1712 48.2971 | -0.0498204 0.144479 | -54.8842 65.8461
-60.7918 -15.8226 | 0.497588 0.690544 | -435.69 539.462
-28.8222 -83.4377 | 0.0246862 -0.735445 | -22.6472 79.2412
-55.4681 25.8609 | -0.15384 -0.717651 | -705.272 1280.28
39.0496 13.3816 | 0.134318 0.0869614 | 2092.83 1380.42
21.8493 -40.2884 | 0.144068 -0.709157 | -330.108 -546.019
79.5894 7.92266 | -0.501691 -0.352031 | -9.09495e-13 -8.18545e-12
70.0582 35.7051 | 0.172036 0.486289 | -172.291 331.402
44.8094 -47.3351 | 0.282001 0.847375 | -867.606 -1097.74
84.7289 -37.8109 | -0.0603635 -0.476291 | -0.4358 1.93093
-29.4824 68.4606 | -0.394329 -0.1593 | 574.287 1347.25
11.7578 28.1382 | 0.596973 0.693876 | 10.3843 543.181
-72.4473 21.8468 | 0.0870416 0.339239 | 1.09139e-11 -3.18323e-12
-5.24545 -76.8322 | 0.295667 -0.1933 | -15.0183 254.16
35.9787 -52.1993 | -0.0136699 -0.144217 | 758.033 834.195
49.6244 11.8453 | -0.0840471 0.729821 | -978.132 -6075.46
57.7171 69.123 | 0.49796 0.0156358 | -6.15936 -52.5197
52.706 61.1689 | -0.0919541 0.122246 | -37.9367 125.478
30.8346 -81.4433 | 0.279537 0.124848 | -5.22959e-12 7.27596e-12
53.643 48.0522 | 0.219714 -0.0402854 | -49.4024 298.52
-66.1621 -5.36978 | 0.682787 -0.131114 | -18.9646 33.5406
-34.0833 11.8399 | 0.20878 0.0533759 | 518.279 -690.126
-45.6778 -39.3368 | 0.313017 0.293974 | -534.31 -2038.25
-41.0223 58.643 | -0.0843207 -0.0219039 | 2.72848e-12 1.72804e-11
27.6678 84.5235 | -0.445014 0.250248 | -105.558 459.01
-68.454 39.8441 | 0.0616625 0.0368375 | 606.884 2545.56
58.5062 -19.332 | -0.597564 -0.290877 | 66.1649 -717.271
45.3506 -5.81827 | -0.622759 0.257248 | 8.18545e-12 6.08225e-12
-26.1692 28.9141 | 0.278452 0.499932 | 0 6.36646e-12
-11.1659 95.9479 | -0.70887 -0.270624 | -3.00133e-11 -1.45519e-11
-49.411 -53.4023 | 0.346921 0.363054 | -168.014 260.424
14.7742 -76.2153 | 0.477966 -0.286539 | -5.00222e-12 3.78009e-12
29.8284 9.65481 | 0.442465 -0.484565 | -660.187 -242.131
20.6974 32.862 | 0.168769 -0.775144 | 0.537156 1.14119
48.5881 64.4303 | -0.0438392 -0.118047 | 58.89 -185.519
26.4374 86.8813 | -0.617826 -0.908383 | 374.908 738.276
26.8125 -89.1519 | -0.0176324 0.147092 | 95.5239 70.3524
23.1269 -15.2841 | -0.164675 -0.421395 | -412.975 2102.13
-15.0603 -1.12401 | 0.209487 -0.188672 | -603.804 1156.98
96.0159 2.45225 | -0.0531387 0.102045 | 20.6456 -5.82406
-43.9888 -70.0385 | -0.0819418 0.389288 | -80.7333 2495.05
-37.5949 78.7968 | 0.0266327 -0.126526 | -2.18279e-11 4.54747e-12
-24.8466 -93.1336 | -0.0731237 -0.334255 | 2.54659e-11 2.16005e-11
1.78165 -37.2797 | 0.398927 0.36248 | 4187.18 -5671.54
-61.1474 -13.3439 | 0.325005 0.137937 | 1489.87 -1355.83
-21.4146 5.40302 | 0.0612597 0.109556 | -1478.13 1342.89
-53.7127 -20.0967 | 0.30683 -0.0993285 | 0 0
-73.4739 -16.8713 | 0.348474 0.182027 | 850.946 -678.263
-93.8133 -4.60352 | -0.068108 -0.0551374 | -929.278 728.124
1.09446 52.0757 | 0.117932 0.15605 | 668.883 3521.5
77.5744 -0.665679 | 0.606208 -0.273368 | 857.56 6008.69
-63.8389 -55.3239 | 0.209601 0.263037 | 168.014 -260.424
-27.7833 84.0021 | 0.0990317 -0.178961 | 3978.52 -1959.25
-1.75462 2.04703 | 0.00396609 0.400243 | 289.476 -1000.95
-74.2579 6.79195 | 0.127026 -0.196265 | -7.27596e-12 4.43379e-12
51.1597 37.1068 | 0.0630333 -0.0213442 | 193.823 -54.0825
-49.4503 -74.5993 | -0.2826 -0.096607 | 116.097 -872.884
66.8387 40.6913 | -0.244195 0.226076 | 402.961 -782.065
59.4762 -28.548 | -0.541907 0.573939 | -444.529 -430.342
-75.6268 1.37643 | 0.363057 -0.138938 | -1.81899e-12 7.27596e-12
70.6835 -5.36994 | -0.0869411 -0.757569 | -6.36646e-12 -5.45697e-12
