24.3584 23.418 | -0.375533 0.592385 | 1.22782e-11 3.63798e-12
40.2958 -49.481 | 0.305628 0.20477 | 4.54747e-12 -3.63798e-12
-4.31246 -40.8983 | -0.415552 -0.431342 | -674.986 1805.36
-12.5896 71.5153 | -0.158607 0.479235 | -1.36424e-12 -2.27374e-12
47.7899 27.2682 | 0.209114 -0.102593 | -9.09495e-13 -1.36424e-12
-44.2666 83.1181 | -0.587677 -0.494889 | -5.91172e-12 3.63798e-12
-56.3262 77.6843 | -0.021558 0.0305402 | -1.63709e-11 -4.54747e-12
-39.6655 79.2674 | 0.195219 -0.0734604 | 0 7.27596e-12
-19.7421 4.33594 | 0.758343 0.127473 | -71.6629 365.576
44.9513 75.949 | 0.420876 -0.163083 | 1.36424e-12 7.27596e-12
-49.7371 -41.1854 | 0.181872 -0.178416 | 4.54747e-12 -6.82121e-12
54.1978 45.4745 | -0.30121 -0.127171 | -240.621 -2130.47
85.5542 42.4211 | -0.0307366 -0.51124 | 1.81899e-11 2.27374e-12
12.957 -22.4687 | -0.361354 -0.365716 | 7.54231 13.7723
-18.5598 -77.9946 | -0.924723 -1.27284 | 1.81899e-12 -1.45519e-11
-22.5201 22.435 | 0.428521 -0.624392 | -4078.12 221.782
81.5566 9.58358 | -0.772591 -0.223626 | -7.27596e-12 7.27596e-12
15.2645 66.9983 | -0.0645413 0.24501 | 7.27596e-12 1.00044e-11
75.9707 -15.7197 | 0.791165 0.315037 | 174.939 -67.8975
21.983 47.8974 | -0.266502 -0.626908 | -4.54747e-13 8.41283e-12
0.881603 -31.9058 | 0.126709 0.19303 | -7.54231 -13.7723
53.1181 28.5647 | -0.506785 -0.684906 | -2.72848e-12 -1.81899e-12
59.9774 56.9473 | 0.779228 -0.788464 | -9.09495e-13 -6.36646e-12
-34.7451 50.5507 | 0.430595 -0.844745 | -1.63709e-11 -3.63798e-12
70.3316 30.019 | -0.271822 0.151299 | -5.00222e-12 -6.36646e-12
-16.9435 24.7894 | -0.363575 -0.774233 | 5079.3 2629.01
41.4693 58.5009 | -0.379583 0.00683855 | 117.968 -382.617
78.2682 -22.1972 | 0.0305582 -0.0463175 | -2.27374e-13 -3.63798e-12
32.0169 8.69354 | -0.237971 -0.798601 | -9.09495e-13 -1.59162e-12
42.7812 -40.9372 | -0.10744 -0.240506 | 2.84217e-12 4.83169e-12
-68.2178 15.709 | 0.215492 0.664971 | 6.36646e-12 -5.45697e-12
25.849 66.0981 | -0.224987 0.360505 | -117.968 382.617
-72.9938 33.8713 | 0.217039 -0.229271 | -2.27374e-12 -1.81899e-12
-75.2533 11.7114 | -0.122048 0.260506 | -2.72848e-12 0
33.2652 -75.9472 | 0.268827 0.800266 | 1.81899e-12 -4.54747e-12
-21.2514 -49.2716 | 0.33711 0.432618 | -100.647 -64.1558
61.5661 -11.2956 | 0.0353996 -0.395328 | 1.18234e-11 8.18545e-12
24.7129 81.7888 | -0.312345 -0.218024 | -6.36646e-12 8.6402e-12
-23.1156 -70.3226 | 0.519721 -0.479483 | 21.245 426.453
-41.5079 45.6929 | 0.50313 -0.3854 | -180.485 1984.43
-19.309 7.70856 | 0.148513 0.318539 | -26.7212 62.0461
10.4237 -95.1198 | -0.310971 0.565687 | 0 0
15.7181 23.5279 | -0.570479 -0.658434 | 21.511 100.641
-63.3738 -23.3023 | -0.422016 0.477142 | -1.47793e-12 -5.91172e-12
-48.2481 14.2591 | 0.831061 -0.24221 | -4.54747e-13 0
-25.6012 -24.5727 | 0.271923 -0.340771 | 1.09139e-11 -1.02318e-11
6.25703 72.2689 | 0.20175 -0.151972 | 6.13909e-12 -3.63798e-12
71.424 -43.2011 | 0.143944 0.0850761 | -4.09273e-12 -2.50111e-12
81.532 32.8138 | -0.0711988 -0.500172 | 1.09139e-11 -8.18545e-12
24.0251 -6.57413 | -0.416941 1.05131 | -21.511 -100.641
75.7541 19.0483 | -0.0708035 -0.156816 | 4.54747e-12 2.63753e-11
19.7653 91.706 | -0.169035 -0.136843 | 1.55751e-11 -2.72848e-12
-3.82191 -55.4707 | 0.392185 0.390168 | -1863.82 -1688.92
-0.369981 87.0795 | -0.556362 -0.364203 | -4.54747e-12 -5.00222e-12
-62.4894 0.248578 | 0.235403 0.660126 | -49.0171 -84.2221
15.9309 -89.2917 | 0.990249 -0.166312 | -1.00044e-11 -9.09495e-13
-61.5345 -36.6426 | 0.274883 -0.0202754 | -51.7369 -135.444
-9.48986 44.2982 | -0.291259 0.522254 | -1.36424e-12 6.82121e-12
-26.317 70.3649 | 0.798994 0.75112 | 2.72848e-12 5.22959e-12
-5.23977 -84.5619 | -0.195983 0.180904 | -7.27596e-12 -3.86535e-12
68.9454 -3.55347 | -0.0636246 0.119045 | 1.36424e-11 9.09495e-13
51.6757 69.8781 | 0.18867 0.069578 | -1.81899e-12 -5.22959e-12
-67.166 -40.9108 | -0.128411 -0.324273 | 5.45697e-12 -3.63798e-12
-81.2005 26.5505 | -0.171973 -0.150298 | -1.09139e-11 1.45519e-11
-37.2613 -83.4111 | -0.00501487 0.0481851 | -6.82121e-12 7.27596e-12
26.8917 -11.2133 | 0.722728 0.0302271 | 2.72848e-12 -9.09495e-12
40.7122 -37.5197 | -0.748991 -0.0429907 | -18.4755 -25.6899
-55.0262 60.0059 | -0.285541 0.513644 | 578.118 -258.881
-52.9439 -69.9063 | 0.256443 0.176199 | -21.245 -426.453
-56.2556 -53.8276 | -0.075627 0.540716 | 5.45697e-12 2.27374e-12
14.4777 -49.6562 | -0.470106 0.0353386 | 674.986 -1805.36
10.597 -52.8158 | -0.343063 0.727941 | -1.81899e-12 5.45697e-12
-49.8392 -50.5177 | -0.0407062 -0.159145 | -1.81899e-12 -7.27596e-12
-60.8269 -10.1074 | 0.411414 0.299168 | -1.22782e-11 -6.36646e-12
39.1751 -78.1053 | 0.656347 -0.0135098 | 2.72848e-12 5.45697e-12
27.4172 -59.2791 | 0.0616619 -0.101331 | -3.63798e-12 3.52429e-12
25.103 -34.0212 | -0.394317 -0.147273 | 18.4755 25.6899
13.8987 54.2437 | -0.313207 0.16701 | 2.27374e-12 3.63798e-12
-36.8924 -61.7775 | -0.327873 -0.251978 | -1.43245e-11 -6.36646e-12
52.1386 2.03571 | 0.169536 -0.136698 | -2.72848e-12 -1.02318e-11
56.0775 -34.141 | 0.0119043 -0.0717886 | -3.63798e-12 -1.06866e-11
16.7556 35.5642 | -0.0425604 -0.301924 | 240.621 2130.47
48.7582 -21.884 | -0.0379561 0.0424397 | -174.939 67.8975
7.56691 -13.2132 | -0.036801 0.428177 | 7.27596e-12 -1.36424e-11
64.1101 -26.1336 | 0.459262 0.0731625 | -3.63798e-12 -5.91172e-12
-9.2309 -19.6273 | 0.269821 0.27849 | -4.54747e-12 -7.27596e-12
-32.8321 25.6515 | 0.736634 -0.0281148 | -1001.18 -2850.79
69.8751 62.8402 | -0.119114 -0.326632 | -4.3201e-12 1.54614e-11
-41.9991 -10.3065 | 0.548004 0.654383 | 4.09273e-12 5.45697e-12
60.6484 -74.2989 | 0.0690728 0.326299 | -9.09495e-13 2.45564e-11
73.9946 -54.126 | 0.148967 -0.493145 | 1.09139e-11 1.27329e-11
-15.0265 -30.2525 | 0.530027 0.104576 | 3.63798e-12 3.18323e-12
-53.186 19.529 | 0.0596076 -0.641061 | 229.502 -1900.2
-59.1165 63.5491 | 0.520291 -0.557398 | -578.118 258.881
-31.4889 60.4866 | -0.463302 0.214982 | -7.95808e-12 5.45697e-12
-67.0827 -13.4135 | 0.0494664 -0.0465584 | 2.04636e-12 2.04636e-12
24.1042 -66.0558 | -0.378214 0.421005 | 1964.46 1753.07
83.0071 -35.2224 | -0.211497 -0.349403 | 1.63709e-11 7.27596e-12
-20.3994 -0.493153 | -0.0670323 -0.892237 | 98.3842 -427.622
-72.6408 -31.1964 | 0.0346075 0.10803 | 51.7369 135.444
