64.4198 -67.5491 | -0.396559 0.145623 | -7.27596e-12 9.49285e-12
2.67048 21.076 | -1.48024 0.0588079 | 9.09495e-13 1.08002e-11
1.75336 -65.2316 | 0.137388 0.453734 | -54.3334 323.603
-1.26938 87.7525 | -0.487863 -0.399194 | -7.27596e-12 3.18323e-12
-18.3777 51.9389 | -0.0530862 -0.0368578 | -6.82121e-12 5.45697e-12
-39.0355 -72.1319 | 0.040862 -0.114692 | 9.09495e-13 -7.27596e-12
-79.2714 -3.19217 | -0.278045 0.0200005 | 7.27596e-12 -1.09139e-11
67.7922 -41.7721 | -0.289384 0.359799 | -937.737 -4857.33
26.153 72.902 | 0.0408351 -0.340133 | 9.80627 14.6052
-47.4201 81.0028 | 0.0144618 -0.0434652 | 348.351 2500.62
11.6066 2.18385 | -0.666157 -0.240221 | 1.81899e-12 -8.18545e-12
-13.2041 -28.8173 | 0.188019 0.0964953 | 31.7192 -34.1553
21.8193 35.738 | -0.856515 0.420435 | -25.7442 43.8289
57.6031 -46.8585 | -0.498257 -0.231674 | -1.81899e-12 3.63798e-12
-92.8852 25.1559 | -0.450143 -0.831027 | 0 -1.72804e-11
50.6635 72.5107 | -0.223258 0.424319 | 1.36424e-11 1.36424e-12
-32.698 -27.7403 | -0.597369 0.8996 | -31.7192 34.1553
-50.296 15.5502 | 0.282684 0.034644 | 9.09495e-13 1.13687e-11
-51.2643 62.3879 | 0.534274 0.287388 | -1.86446e-11 -1.13687e-12
2.01866 57.7998 | -0.295093 -0.0951361 | -2.90747 -3.84262
-50.2813 57.9158 | 0.0946677 0.378948 | 6.41556 124.807
35.8945 80.0919 | 0.133251 0.489684 | -0.0244631 -0.0216482
85.5854 12.3552 | -0.13062 -0.573133 | 1.09139e-11 9.09495e-12
-25.9665 39.0572 | -0.0277795 0.100772 | -2.95586e-12 7.27596e-12
-92.0454 -19.4418 | 0.308664 -0.120763 | 0 -8.18545e-12
49.2113 16.0215 | -0.243241 -0.373561 | 25.7442 -43.8289
63.076 -62.4837 | 0.496215 0.92012 | -3.06954e-12 6.36646e-12
3.0793 -51.6889 | 0.723686 0.056496 | 241.385 -1044.69
-48.5142 22.3911 | 1.15372 -0.0929232 | 5.00222e-12 -1.09139e-11
61.5457 -15.7944 | -0.586687 0.556031 | 1.02318e-11 0
-19.5902 9.39978 | 0.208859 0.300348 | -2.72848e-12 -9.09495e-13
-29.8346 57.3064 | -0.10407 0.407626 | -6.41556 -124.807
-11.6065 68.4609 | -0.107672 -0.872878 | -182.029 -2147.38
-6.87758 78.1764 | 0.397372 -0.0721068 | 182.029 2147.38
-49.6788 45.9779 | 0.397712 -0.778524 | 0 -7.27596e-12
3.16479 -94.909 | 0.528378 -0.0590402 | 0 1.81899e-12
-15.9718 -37.3661 | 0.0849624 0.0718388 | 879.169 -1498.62
-66.4767 -31.4648 | -0.107829 -0.433891 | -2.58638e-12 1.13687e-11
4.28255 50.2186 | -0.163399 0.0612953 | -51.6679 140.211
-46.9664 4.19265 | 0.0640742 0.244298 | -5.74119e-12 -2.72848e-12
-9.26173 93.9313 | 0.236321 0.0686706 | -1.45519e-11 -1.18234e-11
-5.75518 -91.1781 | 0.170515 0.445074 | -2.00089e-11 -1.09139e-11
65.9278 -53.7893 | -0.0172422 0.473091 | -102.444 -2440.48
-20.6865 -18.0341 | 0.14813 0.456223 | 3.18323e-12 8.18545e-12
5.06839 -77.4436 | -0.267837 0.466489 | 0.848283 -115.397
-40.9739 66.9739 | 0.20638 -0.492238 | 46.5798 -108.166
91.2764 29.1642 | 0.435373 -0.627378 | 5.45697e-12 -2.6148e-12
-54.8907 67.1076 | -0.654191 -1.09564 | -46.5798 108.166
34.3754 -67.3731 | 0.296683 0.492013 | 1.27329e-11 5.45697e-12
37.715 -21.9536 | -0.676237 -0.148243 | -5.00222e-12 5.22959e-12
27.2548 59.6474 | -0.0520241 0.143682 | 2.90747 3.84262
-25.7412 -60.829 | 0.426925 0.414836 | 959.613 -1590.2
22.5348 -47.3246 | -0.304356 0.55635 | 239.005 519.094
42.5199 66.2517 | -0.335416 0.0417334 | 3.63798e-12 0
57.2346 45.2972 | 0.579285 0.344721 | -6.82121e-13 3.63798e-12
-25.273 -10.2022 | 0.296831 0.0608737 | -4.3201e-12 9.54969e-12
15.2632 -68.5925 | 0.0389508 0.108455 | 54.3334 -323.603
-38.8259 -51.9972 | -0.204962 -0.271338 | -9.09495e-13 -4.54747e-13
16.0561 26.2302 | -0.695774 -0.634501 | 8.18545e-12 4.54747e-12
13.7337 8.74874 | -0.366306 0.0139951 | 6.82121e-12 -1.40972e-11
80.2897 6.06898 | -0.00132899 -0.154288 | 181.234 177.228
41.0368 -40.7189 | -0.36149 0.792823 | 4.54747e-12 -2.72848e-12
7.49637 -71.901 | -0.549517 0.228752 | -0.848283 115.397
-3.13104 72.714 | -0.576585 0.515625 | -9.80627 -14.6052
-67.9737 -67.5671 | -0.686524 0.496056 | 3.41061e-12 -1.45519e-11
-72.8432 -54.2074 | 0.252239 0.549365 | 3.63798e-12 9.09495e-13
-32.284 75.9898 | 0.951303 0.44268 | -2.36469e-11 1.81899e-12
66.641 -20.05 | 0.223277 -0.396681 | -1.19371e-12 -1.36424e-12
-72.7485 38.4232 | -0.270662 -0.0464155 | -1.59162e-12 1.81899e-12
-17.5978 -79.8933 | 0.515062 -0.18342 | 2.72848e-12 2.50111e-12
23.3672 92.4948 | 0.0620215 -0.651785 | 8.18545e-12 -1.63709e-11
-63.5676 -21.7032 | -0.0010275 0.527171 | 4.09273e-12 -2.6148e-12
12.3583 31.3074 | 0.0337942 0.633497 | 9.80549e-12 -1.13687e-12
-9.90078 -8.99467 | -0.07603 0.354995 | 4.54747e-12 -1.09139e-11
55.0298 -31.3586 | 0.322023 0.200769 | -1.36424e-12 -6.36646e-12
19.902 47.2184 | -0.441055 0.924703 | 51.6679 -140.211
-6.89305 -35.3329 | 0.315793 -0.393681 | -879.169 1498.62
10.885 -80.1943 | 0.177937 0.241227 | -1.81899e-12 4.3201e-12
45.8531 3.57563 | -0.314132 -0.259693 | -9.09495e-13 -8.18545e-12
-9.70244 -49.9137 | 0.675911 0.458676 | -1440 2115.79
64.2193 7.73138 | -0.705603 -0.626629 | 3.63798e-12 2.72848e-12
-65.8142 27.7549 | 0.407829 0.428105 | 3.63798e-12 -9.09495e-13
-5.15982 -59.9572 | -0.2098 -0.00279319 | 7.7307e-12 5.45697e-12
-88.4789 13.3229 | 0.180846 -0.116402 | -5.45697e-12 -5.45697e-12
-9.67753 83.7253 | 0.446651 0.0295215 | -348.351 -2500.62
52.7556 59.7252 | 0.308457 -0.395914 | -9.09495e-13 1.81899e-12
63.214 20.433 | -0.254362 -0.540808 | -181.234 -177.228
59.0278 18.4409 | -0.173409 -0.316991 | 6.36646e-12 -5.45697e-12
-48.4835 -57.9361 | -0.0581506 -0.479838 | -3.63798e-12 -1.27329e-11
28.996 -19.5052 | -0.57159 -0.186998 | 3.86535e-12 3.63798e-12
-46.7887 -43.0194 | 0.297099 0.0863959 | -2.72848e-12 0
28.2473 -55.1263 | -0.516192 0.26565 | 102.444 2440.48
37.8948 83.1159 | -0.99995 0.126032 | 0.0244631 0.0216482
87.5063 -25.0176 | -0.0570427 -0.253185 | 937.737 4857.33
-60.233 -7.02331 | -0.284004 0.829306 | -1.13687e-11 -1.27329e-11
-39.5703 -75.6204 | -1.09457 0.358151 | -1.59162e-12 -2.87059e-12
-32.4505 31.6903 | -0.18934 -0.300455 | 8.18545e-12 2.72848e-12
-27.0346 5.09222 | -0.100881 -0.670512 | 2.27374e-12 -7.27596e-12
15.8912 -85.0367 | 0.0549211 -0.315315 | 1.09139e-11 -6.36646e-12
-48.6435 39.6519 | 0.537277 -0.0546964 | 3.86535e-12 2.72848e-12
