2.37427 13.0631 | -0.287476 0.0232268 | 2.27374e-13 -2.27374e-12
28.982 -39.5648 | 1.03147 -0.548852 | 139.653 -226.39
-22.5423 -30.3239 | -0.0813799 -0.765529 | 951.905 -957.596
-18.8729 53.8655 | 0.615198 1.04027 | 6.59384e-12 9.09495e-12
48.7678 16.7145 | 0.96832 -0.405137 | -1.59162e-12 2.6148e-12
-11.0861 83.5165 | -0.421653 1.09701 | 98.6657 498.751
-25.9007 89.1138 | -0.73407 -0.0232126 | 3.63798e-12 9.09495e-13
-36.0131 80.1917 | -0.892981 0.871537 | -161.627 862.251
-12.2532 10.5977 | -0.106753 -1.03108 | -433.081 -82.2044
16.201 59.2497 | 0.160207 1.49313 | -0.200015 117.089
-50.8354 -47.9927 | -0.36973 -1.52261 | 5.00222e-12 -2.27374e-12
65.0362 34.6483 | 0.833606 -0.370847 | -1.13687e-12 -2.95586e-12
58.1304 73.8335 | 0.146682 -0.852502 | 7.10543e-13 1.31877e-11
11.771 -14.2028 | 0.929861 0.206063 | -225.186 263.783
-13.9748 -60.0146 | 0.681383 -0.923455 | 0 6.36646e-12
-19.8432 26.7156 | -0.54207 0.299179 | -6.82121e-12 5.45697e-12
79.9567 4.31227 | 1.24098 -0.178843 | 19.7435 458.312
12.7879 45.6287 | -0.114688 0.859692 | -2.27374e-13 -2.95586e-12
74.9051 -15.1653 | 1.60904 0.900422 | -1.36424e-12 -5.22959e-12
17.3342 27.1345 | -0.0435747 0.40467 | 3101.5 6790.01
-10.11 -25.7393 | 0.31644 -0.167108 | -2.04636e-12 -4.60432e-12
70.3951 4.85095 | 0.964956 -0.122046 | -19.7435 -458.312
56.3473 45.6882 | -0.410734 0.825731 | -3.86535e-12 3.86535e-12
-68.1966 49.6271 | 0.159813 0.430006 | -1.93268e-11 -7.27596e-12
73.6902 28.1585 | 1.47859 0.939032 | 3.52429e-12 1.36424e-12
-14.9499 32.5187 | -0.103811 -0.0046697 | -707.288 912.208
41.179 36.5927 | 0.790796 0.385618 | 4.20641e-12 4.54747e-12
76.1013 -27.3624 | 0.186197 0.637872 | 64.5203 67.2611
31.6663 12.6281 | 0.354482 0.897028 | 433.081 82.2044
46.8042 -40.4766 | -0.216277 -0.487655 | 551.035 804.632
-63.0958 6.11523 | -1.29264 0.776737 | -9.09495e-12 1.08002e-12
15.7101 38.3465 | -0.0203678 0.713274 | 4.09273e-12 2.95586e-12
-68.9043 17.0375 | -0.58596 0.388496 | 4.68958e-12 2.95586e-12
-73.9422 0.76677 | -0.806677 0.337653 | 129.021 1002.43
15.0921 -68.2084 | 0.340775 -1.22765 | 1.81899e-12 -2.72848e-12
-19.2554 -42.7257 | -1.07693 -0.255597 | 1.81899e-12 3.18323e-12
47.2783 -2.83095 | 0.890026 -0.802066 | 5.79803e-12 -4.54747e-13
-3.29098 73.3797 | 0.165847 0.422597 | -98.6657 -498.751
-36.9976 -63.031 | -0.394769 -0.280823 | -1550.17 -8491.11
-69.2099 40.9787 | 0.0761415 1.12572 | -7.7307e-12 4.54747e-12
-13.6827 18.7534 | 0.603987 -0.378027 | -3.18323e-12 9.9738e-12
2.34255 -96.3701 | 0.68392 -0.698084 | -4.53547 -89.9907
36.419 21.6507 | 0.647465 0.244087 | 2.27374e-13 6.82121e-13
-66.8527 -30.1674 | -0.603732 -0.647864 | -1.81899e-12 -3.97904e-12
-48.4514 25.0413 | -0.01195 0.055336 | 18.1241 520.51
-46.6078 -28.0777 | -0.870411 -0.509574 | -3.41061e-13 6.942e-12
-2.7234 48.2745 | 0.454679 0.301388 | -3.63798e-12 9.09495e-13
73.0499 -45.113 | 0.795618 -0.305627 | -64.5203 -67.2611
64.2707 50.3439 | -0.175891 1.21309 | -9.09495e-12 2.87059e-12
-7.18358 -3.70816 | -0.83248 -0.021594 | 4.92449 -18.891
83.2119 19.2405 | 0.512351 0.883975 | 1.63709e-11 -5.45697e-12
24.6296 92.236 | 0.106979 -1.04793 | 9.09495e-12 -9.09495e-13
10.9811 -58.9829 | 0.150717 -1.27329 | 3.55271e-14 1.13687e-12
21.8407 80.2109 | 0.692361 -0.338486 | -1.13687e-12 2.16005e-12
-77.6784 -3.95941 | -1.06002 0.135827 | 33.8792 -451.652
3.68645 -91.2251 | -0.925183 0.925531 | 4.53547 89.9907
-61.1024 -42.1564 | -0.233727 -1.3196 | 33.6395 -144.462
-19.1645 38.9386 | -0.0767213 1.30384 | -3.41061e-12 -3.63798e-12
-35.0696 61.3791 | -0.724067 2.4903 | 3.63798e-12 -3.86535e-12
-22.9302 -83.9117 | -1.34124 -0.772252 | -5.68434e-12 9.37916e-12
63.0072 1.57041 | 0.779012 -0.137968 | -4.54747e-13 -2.95586e-12
23.5008 56.2813 | 0.951898 1.33039 | 0.200015 -117.089
-67.2436 -50.5976 | -0.46606 -1.36899 | -5.22274 240.95
-85.7819 23.5304 | 0.232739 1.07103 | 3.63798e-12 1.81899e-12
-26.0614 -90.5582 | -1.01184 -0.369491 | -8.41283e-12 2.27374e-12
-3.74713 -6.88992 | 0.946458 0.789936 | 1.19371e-12 9.09495e-13
44.6588 -31.5624 | 0.491686 -0.780646 | -3.86535e-12 1.36424e-12
-51.9964 73.3049 | -0.824706 0.488199 | 1.36424e-12 -1.7053e-12
-40.1231 -78.4827 | -0.0339745 -0.154728 | 4.54747e-12 1.09139e-11
-65.8907 -60.7567 | -0.142852 -0.919394 | 276.021 948.135
7.58195 -38.298 | -0.257518 -0.507464 | -690.688 -578.242
4.42864 -40.3249 | -0.341273 -0.71097 | -2.27374e-12 6.36646e-12
-52.9547 -55.5385 | -0.425214 -0.851428 | 5.22274 -240.95
-72.1214 -10.0551 | 0.540009 0.678267 | -162.9 -550.775
23.2904 -76.3247 | 0.129478 -2.18459 | 2.38742e-12 3.41061e-13
23.6018 -50.3381 | 0.638315 -0.097191 | 4.54747e-12 -7.50333e-12
23.7432 -16.4833 | 0.466088 -0.0174978 | 475.558 1419.76
7.70789 33.8131 | 0.489752 0.462432 | -2.72848e-12 1.93268e-12
-54.5226 -67.6042 | 0.940866 -0.820063 | 1274.15 7542.98
34.8259 2.76104 | 1.50659 0.203389 | -193.372 129.159
54.1422 -28.4062 | 0.424665 0.582604 | -5.00222e-12 -2.27374e-12
9.61843 23.5081 | -0.187267 -0.525639 | -2394.21 -7702.22
38.9879 -7.71976 | -0.117498 0.722413 | 193.372 -129.159
-10.8701 -12.4094 | 0.338382 -0.122035 | 6.82121e-13 5.68434e-14
42.009 -18.6028 | 1.09457 0.12712 | -250.372 -1683.54
-16.566 -18.9501 | -0.385713 0.501138 | -7.27596e-12 -5.45697e-12
-57.4875 32.7611 | -0.683642 0.399348 | -603.299 430.46
33.7279 68.5343 | 1.24116 1.05243 | -7.95808e-13 -9.09495e-13
-28.8753 -4.28286 | -0.429829 -0.756931 | 48.8567 -916.841
40.9611 -86.0936 | -0.129464 0.736619 | 5.68434e-12 -1.22782e-11
56.6912 -71.1674 | -0.213364 0.324942 | -7.61702e-12 9.09495e-12
-28.8994 -25.7062 | 0.893362 -0.130898 | -951.905 957.596
-54.7186 19.8644 | -1.2694 0.818325 | 585.175 -950.969
-62.8999 73.0359 | -0.231893 -1.09914 | 161.627 -862.251
-51.2745 53.6858 | -0.34265 1.49414 | 2.95586e-12 -2.72848e-12
-69.7392 -22.8059 | -0.0031134 0.280847 | 2.50111e-12 6.96332e-12
39.1503 -58.9374 | -0.15658 -1.46588 | -3.0127e-12 -4.49063e-12
70.6658 -59.6898 | 0.809514 0.142818 | 3.63798e-12 7.07701e-12
-21.3296 5.34208 | -1.09625 -0.126165 | -53.7812 935.732
-66.7594 -36.8844 | 0.436171 -0.666251 | -33.6395 144.462
