30.6292 28.6014 | 0.46813 -0.514585 | 3.63798e-12 -5.00222e-12
-30.0212 -88.2298 | -0.761611 0.480503 | -2.62246 -42.5737
-22.4838 -21.4458 | 0.380104 0.844693 | -254.017 799.924
30.5984 51.098 | -0.0952572 -0.232124 | -9.86326 129.896
16.7621 4.39366 | -0.0336843 0.231018 | 3.63798e-12 8.18545e-12
49.6913 -23.2446 | -0.421698 0.00439075 | 168.043 -187.383
-28.3342 68.5724 | 0.533941 -0.41268 | 48.9386 452.238
-51.7793 40.7622 | -0.0182105 -0.17372 | 940.403 -3138.45
34.0125 -2.57314 | -0.416116 1.11547 | -31.2398 -105.289
-16.6584 -1.76476 | -0.177071 -0.783433 | -1116.97 -1589.96
76.7928 -43.1103 | -0.10775 0.563919 | 9.09495e-12 -6.36646e-12
-9.42169 -67.8025 | 0.535428 0.333649 | 153.163 646.355
-56.5218 -34.137 | -0.0291073 -0.102597 | 2677.62 -3709.34
-44.3766 -48.9894 | -0.378821 -0.120339 | 665.625 -2223.72
-44.2787 30.4647 | -0.147433 -0.193118 | -1.47826 -5.0054
11.8818 78.5869 | -0.0522102 -0.288327 | -426.782 1614.56
-10.5198 -62.3742 | 0.40616 -0.348022 | 587.537 672.955
-65.0295 -50.8051 | -0.057534 0.00368795 | 474.727 -1183.36
-3.77304 -53.8511 | 0.647153 0.232471 | -1.27329e-11 -7.95808e-13
-33.0558 -67.7308 | -0.163918 0.314906 | -430.711 1113.99
-38.8187 54.6574 | 0.928344 0.116536 | -19.6334 -147.522
30.6122 -32.1547 | -0.091191 0.0709672 | -149.98 421.01
-49.3814 -60.7444 | 0.306472 0.499915 | -1.72804e-11 8.6402e-12
52.2023 36.5832 | -0.0384653 -0.588148 | -51.6792 -78.7005
-28.3392 -31.009 | -0.611712 -0.351744 | 250.866 -181.208
-74.1886 -11.3865 | -0.252243 -0.067473 | 1.00044e-11 -1.09139e-11
-40.5852 -36.8549 | -0.382319 -0.0514624 | 5.45697e-12 -4.20641e-12
30.22 -70.615 | 0.666109 0.371652 | 9.77707e-12 -5.91172e-12
24.8504 23.1866 | 0.542724 -0.0854669 | -1.75078e-11 -4.43379e-12
19.5223 -75.8779 | -0.255099 0.599228 | 1052.96 3748.37
7.66316 56.7889 | 0.356171 -0.9029 | -561.775 -775.981
-58.7268 56.1193 | -0.165023 0.570014 | -1.81899e-12 -9.32232e-12
24.4435 66.0975 | 0.721316 0.404319 | 224.246 399.665
-42.9242 67.0302 | -0.460127 0.242474 | -164.871 -301.695
8.95333 74.8395 | 0.218614 0.276639 | 58.1553 403.814
24.4238 48.7412 | -0.348071 -0.585176 | -128.307 2944.91
-14.5046 78.3423 | 0.222177 -0.341481 | -3.63798e-12 -1.81899e-12
29.5277 64.329 | 0.463976 0.389799 | 688.383 2267.01
16.6916 45.3385 | 0.167607 -0.219847 | -7.60898 8.38951
-25.6532 21.6722 | -0.250042 -0.346387 | -1161.09 -1444.65
-20.4665 89.2545 | -0.159609 0.0728202 | -796.138 -409.443
-36.1877 13.8883 | 0.535119 0.660982 | 265.667 -365.27
40.1073 -10.0729 | 0.303116 0.228576 | 1.00044e-11 2.50111e-12
88.9273 -17.6089 | -0.227568 -0.199292 | 3.54703e-11 -4.09273e-12
-55.9947 -18.8481 | -0.233618 -0.188617 | -15.1903 -290.574
51.7319 -43.5466 | 0.316851 0.44941 | -9.09495e-12 -4.77485e-12
-1.56998 -7.07138 | 0.385323 -0.465349 | -19.0806 148.696
28.8432 -60.8524 | 0.716052 0.579442 | 3.86535e-12 -8.18545e-12
17.8192 -23.1292 | -0.742238 0.599772 | -53.6855 599.355
33.2743 31.0529 | 0.269882 0.122226 | -7.28279 -8.30211
0.155018 94.6151 | -0.508911 0.890916 | -51.7767 544.277
-61.5585 -26.1616 | 0.371363 -0.427402 | 1143.63 -1604.67
-40.3044 2.03321 | 0.910016 -0.109448 | 817.048 -1502.02
-18.4571 12.3086 | -0.105459 0.339136 | -798.49 580.737
-29.3476 -16.876 | 1.0089 -0.350448 | 29.0531 -128.131
-50.8451 -49.8162 | -0.355789 0.85756 | -121.804 106.168
33.2599 -24.0567 | -0.651138 0.572889 | -154.684 132.917
-48.3364 12.2606 | 0.48193 0.980511 | 104.408 -107.446
-32.0416 61.8804 | -0.269837 -0.0463135 | 1.45848 20.7361
-11.2604 -22.9665 | 0.18008 1.00481 | 255.324 -804.312
21.8176 88.0324 | -0.473806 -0.0878822 | 3.63798e-12 1.72804e-11
65.6358 -14.6309 | 0.163896 -0.0392452 | -884.076 -2467.73
6.38067 -38.4669 | -0.31646 0.894874 | 56.9753 -108.33
25.5831 1.23139 | 0.288988 -1.2143 | 0 2.72848e-12
-3.96779 41.3838 | 0.0659955 -0.521863 | -426.356 1037.2
49.7866 -13.9054 | 0.263237 0.526382 | 2258.1 5476.72
14.6106 -94.822 | -0.142967 -0.168087 | 2.54659e-11 -6.36646e-12
-52.2592 -29.4415 | -0.439878 -0.0954131 | -2976.55 3655.82
-48.3183 -46.2038 | 0.262007 0.0835902 | -568.214 860.628
49.716 9.65238 | 0.181021 -0.571605 | -3.6424 -2.37914
-26.8207 -85.9512 | -0.239424 -7.15927e-06 | 2.62246 42.5737
-19.6052 -65.2291 | 0.0789205 0.242947 | 2.72848e-12 -1.81899e-12
-24.5932 -63.1218 | -0.0114538 0.625496 | -604.944 -689.274
-18.7805 -11.9241 | 0.828393 -0.0536849 | -12.7189 -90.7779
64.9033 30.7454 | 0.239458 -0.49636 | -623.271 -1981.76
45.581 39.2903 | -0.542549 -0.237729 | 9.09495e-13 4.54747e-13
65.8733 28.2673 | -0.137315 -0.401502 | -869.308 1911.74
-58.9626 48.2492 | -0.229664 0.391593 | 0 0
-47.4949 3.94542 | 0.57772 -0.202025 | -19.8612 934.9
-59.4996 -38.6568 | 0.23729 0.244321 | -1.81899e-11 -1.59162e-11
-25.0012 -28.4907 | 0.272013 0.746852 | 40.3263 -544.889
53.684 -27.3783 | -0.0243824 0.468628 | 4.3201e-12 2.6148e-12
-21.5627 -33.1046 | -0.268844 0.345986 | -56.9753 108.33
-60.0021 21.3695 | -0.0969858 -0.301016 | -8.18545e-12 -4.3201e-12
56.7125 53.4918 | -0.299789 -0.133557 | -145.595 -304.344
-29.2985 19.0864 | 0.595242 -0.0702006 | -39.2127 67.9368
-30.9568 78.1982 | -0.265388 -0.0284001 | 383.386 -3379.96
69.1347 16.5789 | -0.695004 0.145592 | -2.38348 -0.774058
61.8596 -66.6814 | -0.333362 0.0481649 | 1.09139e-11 3.63798e-12
8.12051 12.0425 | -0.418253 0.0553604 | 9.09495e-13 -5.91172e-12
4.09519 89.6604 | -0.396844 0.247603 | 298.381 -2401.64
-56.995 44.4258 | -0.154191 -0.405588 | -940.403 3138.45
10.3525 8.66595 | 0.127639 -0.318503 | -681.191 -510.294
16.2229 -77.224 | -0.206323 -0.326974 | -926.82 -3954.02
44.6083 70.6178 | 0.104408 0.116399 | 2.00089e-11 3.63798e-12
60.013 33.1946 | -0.174913 -0.58573 | 623.271 1981.76
50.5593 -51.8647 | 0.149035 -0.0495836 | 10.8865 33.2276
-9.4661 -78.1079 | 0.204824 0.28698 | 274.081 262.179
78.9532 11.9356 | -0.0787093 -0.987085 | 2.38348 0.774058
21.1258 72.4243 | -0.443136 -0.147648 | -3.41061e-12 -9.09495e-13
-34.4187 -78.5986 | 0.125884 0.350553 | -276.262 186.321
-19.731 64.9988 | 0.232104 0.813523 | -12.8125 -404.228
57.2216 57.8531 | -0.36575 -0.166737 | -446.322 -1326.93
-38.7905 -70.7802 | -0.313595 0.0286749 | -243.581 53.2803
-23.5202 -17.8903 | -0.144798 -0.307045 | 7.27596e-12 3.18323e-12
-63.3391 -20.0265 | 0.376261 0.338447 | 25.9938 123.795
-68.2471 4.68474 | 1.05691 0.31934 | -3.63798e-12 -8.18545e-12
8.71857 -62.4981 | 0.525624 0.0329512 | 1.81899e-12 2.27374e-12
2.34278 -50.1578 | 0.198457 0.144173 | -482.899 1337.12
-54.5115 4.4496 | 1.5101 0.3314 | 1.28814 -1.18198
15.0452 59.2692 | -0.185373 0.0769957 | 341.503 519.44
-73.2461 31.1764 | -0.250441 -0.398516 | -3.63798e-12 -4.54747e-13
-16.6295 91.744 | -0.717124 -0.268428 | 1845.96 185.185
-29.1583 -59.5952 | -0.0292441 0.442632 | 17.4075 16.3189
-47.9994 35.8171 | -0.0645817 0.0498363 | 188.376 -287.567
62.4881 -64.0648 | 0.436278 -0.160545 | 1.36424e-11 -7.27596e-12
51.0462 -11.6054 | -0.204574 0.128924 | -1.81899e-12 3.63798e-12
65.8544 -33.8766 | 0.662715 0.682095 | -7.7307e-12 1.02318e-11
45.3129 -60.646 | 0.309628 0.118073 | 3.41061e-12 2.27374e-12
-40.577 33.0906 | 0.275194 0.114688 | 1.47826 5.0054
-35.7438 73.2079 | -0.350471 -0.592527 | -809.155 5615.83
-34.5874 82.3064 | -0.695085 -0.16279 | 17.9141 54.9944
46.7804 -74.4392 | -0.281398 -0.00534803 | -1.36424e-12 1.81899e-11
30.5743 75.9882 | -0.455123 -0.115848 | -58.1553 -403.814
-24.8586 -3.74687 | 0.89348 0.0528996 | -28.1462 -467.435
-10.9262 -84.9636 | -0.12398 -0.0266849 | 238.346 571.966
21.1346 -37.3665 | 0.344462 0.559356 | 42.3143 -285.841
40.0854 -49.2043 | 0.118666 0.730707 | -5.57066e-12 -2.72848e-12
-73.8917 14.1801 | -0.52041 -0.804704 | -612.521 430.766
68.9527 53.2521 | 0.216782 -0.34621 | 117.018 71.4869
14.0882 -85.109 | -0.0537522 -0.540395 | -129.801 -175.804
-11.0526 28.3574 | 0.0101112 -0.327772 | 5.45697e-12 9.09495e-13
55.2943 2.59624 | -0.443114 -0.180179 | -226.743 -3609.31
58.283 -38.5331 | 0.0549748 0.397549 | 0 9.54969e-12
42.9719 46.5126 | 0.143205 0.304333 | 113.274 -2825.54
-29.6362 47.9802 | 0.893358 0.224902 | -1.81899e-12 5.45697e-12
-68.9422 -19.4081 | 0.340713 -0.790773 | -10.8035 166.779
-24.2515 -84.496 | -0.723775 0.427949 | 55.0958 -399.774
-51.8691 25.2235 | 0.432343 -0.125759 | 1.81899e-12 -2.72848e-12
38.5159 14.0149 | -0.282837 -0.394172 | 3.6424 2.37914
18.6982 -45.7963 | -0.0805637 -0.124975 | 9.09495e-12 -1.81899e-12
80.0602 15.1418 | 0.137528 -0.250154 | 742.525 -2108.32
71.1998 38.9799 | 0.228352 -0.756482 | 142.796 109.15
43.133 -54.9904 | 0.390957 0.32869 | 743.153 1385.95
81.9117 -40.0232 | -0.0351657 0.345732 | 6.36646e-12 -1.81899e-12
-27.8575 71.7558 | 1.05391 -0.143415 | 1235.94 -7230.39
9.99714 32.2139 | 0.140198 -0.480614 | -227.093 -464.297
-69.9696 24.9565 | -0.0465217 -0.00968425 | 9.09495e-12 4.54747e-12
-4.24902 -77.9639 | -0.735754 0.350774 | -3525.4 -5583.08
34.4099 -57.1383 | 0.132938 0.202508 | -286.33 -2808.9
54.3965 14.3568 | -0.0770916 -1.1567 | 1.81899e-12 -5.45697e-12
51.0469 68.1983 | 0.371132 0.140536 | 7.27596e-12 -6.36646e-12
51.9939 60.3644 | 0.317099 0.285017 | 704.651 1854.78
30.2672 -81.755 | -0.0294204 -0.174785 | 3885.49 3374.63
55.4235 50.8081 | -0.209031 -0.0269631 | 3.63798e-12 6.36646e-12
-70.4057 -5.41824 | 0.407337 -0.217264 | -2.72848e-12 1.81899e-12
-39.7631 10.4293 | 0.858557 0.114454 | -27.7257 -131.32
-47.7787 -42.0812 | 0.751688 0.28595 | -450.335 2440.28
-44.377 59.7779 | 0.713467 0.443342 | 18.1749 126.785
36.824 81.7486 | -0.838071 0.115624 | 7.27596e-12 0
-67.1027 38.7739 | 0.39214 -0.0173734 | -188.376 287.567
65.1833 -18.3808 | -0.707663 -0.4704 | 470.384 -510.14
44.9838 -7.11107 | 0.139351 -0.0421451 | -4.54747e-12 1.27329e-11
-27.7639 23.3992 | 0.848295 -0.102752 | 856.663 1981.93
-5.77465 96.49 | -0.279507 -0.222883 | -1296.42 2081.62
-51.3657 -55.333 | -0.316589 0.0731114 | 9.09495e-12 2.72848e-12
11.7846 -78.5099 | -0.0220399 -0.141549 | -216.187 769.492
27.0415 8.37365 | -0.90958 -0.357751 | 907.935 4119.61
20.2413 38.105 | 0.112984 -0.333173 | 661.058 -581.292
45.0921 63.7098 | 0.448738 0.197162 | -783.884 -2412.99
35.6616 83.9123 | -0.411276 0.650729 | -6.82121e-12 1.36424e-11
30.4354 -88.9883 | -0.231642 -0.238585 | -1.09139e-11 2.91038e-11
13.6479 -17.4332 | 1.02107 0.10442 | -1813.91 -2552.38
-17.9934 0.499604 | -0.13926 0.309856 | 1157.68 1837.34
92.975 3.20375 | 0.125564 -0.175509 | 134.066 204.874
-42.1343 -72.9399 | -0.0222757 0.870507 | 106.809 -255.391
-35.8436 79.8226 | -0.545748 0.616422 | -401.301 3324.96
-21.8021 -93.8581 | -0.262822 0.152272 | -9.09495e-13 3.93356e-11
-0.931132 -40.9487 | -0.133755 0.627302 | 15.1894 52.5938
-69.8018 -17.0808 | 0.649013 0.423551 | 1.30336 -13.6215
-24.9119 6.98272 | 0.115822 0.226404 | -78.6963 142.163
-57.9625 -22.3701 | 0.128512 -0.0212042 | -1124.62 1967.53
-77.4006 -15.5392 | -0.42053 -0.728753 | -4.54747e-12 5.00222e-12
-95.1664 -3.17558 | 0.128898 -0.609206 | -4.54747e-12 1.72804e-11
1.27666 55.2906 | 0.0231568 0.264923 | -9.47895 -38.4438
79.621 5.66105 | -0.406289 -0.18128 | 1.09139e-11 -3.18323e-12
-64.9996 -57.2799 | 0.375754 -0.0983561 | 9.09495e-12 -3.00133e-11
-24.0333 84.3796 | -0.636061 -0.753709 | 3.63798e-12 2.27374e-13
-3.12073 2.29486 | 0.256951 0.568061 | 66.1323 77.8963
-73.5982 10.5322 | 0.110966 0.313027 | 612.521 -430.766
52.2702 40.9619 | -0.585006 0.00392768 | -91.1171 -30.4491
-43.6529 -78.7933 | 0.317723 -0.0900157 | -17.1797 -358.513
70.7695 42.1079 | 0.0879905 -0.277867 | 24.8958 -249.261
58.5569 -29.2771 | -0.908907 0.378047 | 107.666 -135.168
-76.1726 5.57487 | 0.0265207 -0.05438 | 1.20508e-11 5.45697e-12
72.787 -2.99685 | 0.196725 -0.31233 | 31.2398 105.289
